0 0.0199987 0.9998 
0.02 0.059964 0.998201 
0.06 0.139543 0.990216 
0.14 0.295519 0.955337 
0.3 0.581008 0.813889 
0.62 0.703254 0.710928 
0.78 0.891169 0.453639 
1.1 0.952059 0.305866 
1.26 0.999936 -0.00911988 
1.58 0.985711 -0.168311 
1.74 0.882733 -0.469811 
2.06 0.796609 -0.604445 
2.22 0.56605 -0.824326 
2.54 0.42749 -0.903978 
2.7 0.121453 -0.992552 
3.02 -0.0382285 -0.999224 
3.18 -0.350583 -0.936476 
3.5 -0.495301 -0.868661 
3.66 -0.743386 -0.668773 
3.98 -0.840438 -0.541797 
4.14 -0.968191 -0.249944 
4.46 -0.995645 -0.0925015 
4.62 -0.974198 0.225363 
4.94 -0.925851 0.377691 
5.1 -0.760053 0.649734 
5.42 -0.646831 0.762525 
5.58 -0.374153 0.92727 
5.9 -0.221643 0.975036 
6.06 0.0962943 0.995255 
6.38 0.253626 0.967202 
6.54 0.544973 0.838329 
6.86 0.671573 0.740797 
7.02 0.870491 0.491956 
7.34 0.93775 0.346988 
7.5 0.999288 0.0344157 
7.82 0.992007 -0.125228 
7.98 0.902261 -0.430895 
8.3 0.822088 -0.569138 
8.46 0.60134 -0.798825 
8.78 0.466393 -0.884425 
8.94 0.164531 -0.986228 
9.26 0.00530651 -0.999844 
9.42 -0.309452 -0.950758 
9.74 -0.456972 -0.889313 
9.9 -0.713498 -0.700433 
