0 0.00999901 0.9999 
0.01 0.019996 0.9997 
0.02 0.02999 0.9994 
0.03 0.03998 0.999 
0.04 0.0499651 0.998501 
0.05 0.0599441 0.997901 
0.06 0.0699161 0.997202 
0.07 0.0798802 0.996403 
0.08 0.0898352 0.995505 
0.09 0.0997803 0.994507 
0.1 0.109714 0.99341 
0.11 0.119637 0.992214 
0.12 0.129546 0.990918 
0.13 0.139441 0.989524 
0.14 0.149321 0.988031 
0.15 0.159186 0.986439 
0.16 0.169033 0.984748 
0.17 0.178863 0.98296 
0.18 0.188674 0.981073 
0.19 0.198464 0.979088 
0.2 0.208234 0.977006 
0.21 0.217983 0.974826 
0.22 0.227708 0.972549 
0.23 0.23741 0.970175 
0.24 0.247087 0.967704 
0.25 0.256738 0.965137 
0.26 0.266363 0.962473 
0.27 0.27596 0.959714 
0.28 0.285529 0.956858 
0.29 0.295068 0.953908 
0.3 0.304577 0.950862 
0.31 0.314054 0.947721 
0.32 0.323499 0.944486 
0.33 0.33291 0.941157 
0.34 0.342288 0.937734 
0.35 0.35163 0.934218 
0.36 0.360936 0.930609 
0.37 0.370205 0.926907 
0.38 0.379436 0.923112 
0.39 0.388628 0.919226 
0.4 0.397781 0.915248 
0.41 0.406893 0.911179 
0.42 0.415963 0.90702 
0.43 0.424991 0.90277 
0.44 0.433975 0.89843 
0.45 0.442915 0.894001 
0.46 0.45181 0.889483 
0.47 0.460658 0.884876 
0.48 0.46946 0.880181 
0.49 0.478214 0.875399 
0.5 0.48692 0.87053 
0.51 0.495575 0.865574 
0.52 0.504181 0.860533 
0.53 0.512735 0.855405 
0.54 0.521237 0.850193 
0.55 0.529686 0.844896 
0.56 0.538081 0.839515 
0.57 0.546421 0.834051 
0.58 0.554706 0.828504 
0.59 0.562935 0.822875 
0.6 0.571107 0.817164 
0.61 0.57922 0.811371 
0.62 0.587275 0.805499 
0.63 0.595271 0.799546 
0.64 0.603206 0.793514 
0.65 0.61108 0.787403 
0.66 0.618892 0.781214 
0.67 0.626642 0.774948 
0.68 0.634328 0.768604 
0.69 0.64195 0.762185 
0.7 0.649507 0.75569 
0.71 0.656998 0.74912 
0.72 0.664422 0.742476 
0.73 0.67178 0.735758 
0.74 0.67907 0.728967 
0.75 0.686291 0.722104 
0.76 0.693442 0.71517 
0.77 0.700524 0.708165 
0.78 0.707535 0.701089 
0.79 0.714474 0.693945 
0.8 0.721342 0.686731 
0.81 0.728136 0.67945 
0.82 0.734857 0.672101 
0.83 0.741504 0.664686 
0.84 0.748076 0.657205 
0.85 0.754573 0.64966 
0.86 0.760993 0.64205 
0.87 0.767337 0.634376 
0.88 0.773603 0.62664 
0.89 0.779792 0.618842 
0.9 0.785902 0.610983 
0.91 0.791932 0.603064 
0.92 0.797883 0.595085 
0.93 0.803754 0.587048 
0.94 0.809543 0.578952 
0.95 0.815251 0.5708 
0.96 0.820877 0.562591 
0.97 0.82642 0.554327 
0.98 0.831881 0.546008 
0.99 0.837257 0.537635 
1 0.842549 0.52921 
1.01 0.847756 0.520732 
1.02 0.852878 0.512204 
1.03 0.857915 0.503624 
1.04 0.862865 0.494996 
1.05 0.867728 0.486319 
1.06 0.872504 0.477594 
1.07 0.877192 0.468822 
1.08 0.881792 0.460004 
1.09 0.886303 0.451141 
1.1 0.890726 0.442233 
1.11 0.895058 0.433283 
1.12 0.899301 0.42429 
1.13 0.903454 0.415255 
1.14 0.907516 0.40618 
1.15 0.911486 0.397065 
1.16 0.915366 0.387912 
1.17 0.919153 0.37872 
1.18 0.922848 0.369492 
1.19 0.92645 0.360227 
1.2 0.929959 0.350928 
1.21 0.933375 0.341594 
1.22 0.936697 0.332227 
1.23 0.939926 0.322828 
1.24 0.94306 0.313397 
1.25 0.946099 0.303936 
1.26 0.949043 0.294446 
1.27 0.951893 0.284927 
1.28 0.954647 0.27538 
1.29 0.957305 0.265807 
1.3 0.959867 0.256209 
1.31 0.962332 0.246585 
1.32 0.9647 0.236938 
1.33 0.966972 0.227269 
1.34 0.969147 0.217577 
1.35 0.971225 0.207865 
1.36 0.973206 0.198133 
1.37 0.975089 0.188382 
1.38 0.976874 0.178613 
1.39 0.978561 0.168828 
1.4 0.980151 0.159026 
1.41 0.981642 0.14921 
1.42 0.983035 0.139379 
1.43 0.98433 0.129536 
1.44 0.985525 0.119681 
1.45 0.986623 0.109815 
1.46 0.987621 0.0999384 
1.47 0.988521 0.0900532 
1.48 0.989322 0.08016 
1.49 0.990023 0.0702598 
1.5 0.990626 0.0603535 
1.51 0.991129 0.0504422 
1.52 0.991534 0.0405269 
1.53 0.991839 0.0306085 
1.54 0.992045 0.0206881 
1.55 0.992151 0.0107665 
1.56 0.992159 0.00084495 
1.57 0.992067 -0.00907572 
1.58 0.991876 -0.0189945 
1.59 0.991586 -0.0289103 
1.6 0.991197 -0.0388223 
1.61 0.990708 -0.0487294 
1.62 0.990121 -0.0586306 
1.63 0.989435 -0.0685249 
1.64 0.988649 -0.0784114 
1.65 0.987765 -0.0882891 
1.66 0.986783 -0.0981569 
1.67 0.985701 -0.108014 
1.68 0.984522 -0.117859 
1.69 0.983244 -0.127692 
1.7 0.981867 -0.13751 
1.71 0.980393 -0.147314 
1.72 0.978821 -0.157102 
1.73 0.977151 -0.166874 
1.74 0.975384 -0.176628 
1.75 0.973519 -0.186363 
1.76 0.971557 -0.196078 
1.77 0.969498 -0.205773 
1.78 0.967342 -0.215447 
1.79 0.96509 -0.225098 
1.8 0.962742 -0.234725 
1.81 0.960297 -0.244328 
1.82 0.957757 -0.253906 
1.83 0.955122 -0.263457 
1.84 0.952392 -0.272981 
1.85 0.949568 -0.282476 
1.86 0.946648 -0.291943 
1.87 0.943634 -0.301379 
1.88 0.940527 -0.310784 
1.89 0.937325 -0.320158 
1.9 0.93403 -0.329498 
1.91 0.930642 -0.338804 
1.92 0.927161 -0.348076 
1.93 0.923588 -0.357312 
1.94 0.919923 -0.366511 
1.95 0.916166 -0.375673 
1.96 0.912318 -0.384796 
1.97 0.908379 -0.39388 
1.98 0.90435 -0.402923 
1.99 0.900231 -0.411925 
2 0.896022 -0.420886 
2.01 0.891724 -0.429803 
2.02 0.887337 -0.438676 
2.03 0.882862 -0.447505 
2.04 0.878299 -0.456288 
2.05 0.873649 -0.465024 
2.06 0.868912 -0.473713 
2.07 0.864088 -0.482354 
2.08 0.859179 -0.490946 
2.09 0.854184 -0.499488 
2.1 0.849104 -0.507979 
2.11 0.84394 -0.516418 
2.12 0.838692 -0.524805 
2.13 0.833361 -0.533139 
2.14 0.827947 -0.541418 
2.15 0.82245 -0.549643 
2.16 0.816872 -0.557811 
2.17 0.811213 -0.565923 
2.18 0.805473 -0.573978 
2.19 0.799653 -0.581975 
2.2 0.793754 -0.589912 
2.21 0.787776 -0.59779 
2.22 0.78172 -0.605607 
2.23 0.775587 -0.613363 
2.24 0.769376 -0.621057 
2.25 0.763089 -0.628688 
2.26 0.756727 -0.636255 
2.27 0.750289 -0.643758 
2.28 0.743777 -0.651195 
2.29 0.737191 -0.658567 
2.3 0.730533 -0.665873 
2.31 0.723802 -0.673111 
2.32 0.716999 -0.680281 
2.33 0.710125 -0.687382 
2.34 0.703181 -0.694414 
2.35 0.696167 -0.701375 
2.36 0.689084 -0.708266 
2.37 0.681934 -0.715085 
2.38 0.674715 -0.721833 
2.39 0.66743 -0.728507 
2.4 0.660079 -0.735108 
2.41 0.652663 -0.741634 
2.42 0.645182 -0.748086 
2.43 0.637637 -0.754462 
2.44 0.63003 -0.760763 
2.45 0.62236 -0.766986 
2.46 0.614628 -0.773133 
2.47 0.606836 -0.779201 
2.48 0.598985 -0.785191 
2.49 0.591074 -0.791101 
2.5 0.583104 -0.796932 
2.51 0.575077 -0.802683 
2.52 0.566994 -0.808353 
2.53 0.558854 -0.813942 
2.54 0.55066 -0.819448 
2.55 0.542411 -0.824872 
2.56 0.534109 -0.830213 
2.57 0.525754 -0.835471 
2.58 0.517348 -0.840644 
2.59 0.508891 -0.845733 
2.6 0.500383 -0.850737 
2.61 0.491827 -0.855655 
2.62 0.483222 -0.860488 
2.63 0.47457 -0.865233 
2.64 0.465871 -0.869892 
2.65 0.457126 -0.874463 
2.66 0.448337 -0.878947 
2.67 0.439503 -0.883342 
2.68 0.430627 -0.887648 
2.69 0.421708 -0.891865 
2.7 0.412748 -0.895992 
2.71 0.403748 -0.90003 
2.72 0.394708 -0.903977 
2.73 0.38563 -0.907833 
2.74 0.376514 -0.911598 
2.75 0.367361 -0.915272 
2.76 0.358172 -0.918854 
2.77 0.348949 -0.922343 
2.78 0.339692 -0.92574 
2.79 0.330401 -0.929044 
2.8 0.321079 -0.932255 
2.81 0.311725 -0.935372 
2.82 0.302341 -0.938395 
2.83 0.292928 -0.941325 
2.84 0.283486 -0.944159 
2.85 0.274017 -0.9469 
2.86 0.264522 -0.949545 
2.87 0.255001 -0.952095 
2.88 0.245455 -0.954549 
2.89 0.235886 -0.956908 
2.9 0.226295 -0.959171 
2.91 0.216681 -0.961338 
2.92 0.207047 -0.963408 
2.93 0.197393 -0.965382 
2.94 0.187721 -0.967259 
2.95 0.17803 -0.96904 
2.96 0.168323 -0.970723 
2.97 0.1586 -0.972309 
2.98 0.148862 -0.973797 
2.99 0.13911 -0.975189 
3 0.129345 -0.976482 
3.01 0.119569 -0.977678 
3.02 0.109781 -0.978775 
3.03 0.0999831 -0.979775 
3.04 0.0901764 -0.980677 
3.05 0.0803616 -0.981481 
3.06 0.0705397 -0.982186 
3.07 0.0607118 -0.982793 
3.08 0.0508788 -0.983302 
3.09 0.0410417 -0.983712 
3.1 0.0312015 -0.984024 
3.11 0.0213591 -0.984238 
3.12 0.0115156 -0.984353 
3.13 0.00167188 -0.98437 
3.14 -0.00817098 -0.984288 
3.15 -0.0180121 -0.984108 
3.16 -0.0278503 -0.983829 
3.17 -0.0376848 -0.983452 
3.18 -0.0475146 -0.982977 
3.19 -0.0573386 -0.982404 
3.2 -0.0671559 -0.981732 
3.21 -0.0769656 -0.980963 
3.22 -0.0867665 -0.980095 
3.23 -0.0965578 -0.979129 
3.24 -0.106338 -0.978066 
3.25 -0.116107 -0.976905 
3.26 -0.125864 -0.975646 
3.27 -0.135607 -0.97429 
3.28 -0.145335 -0.972837 
3.29 -0.155048 -0.971286 
3.3 -0.164744 -0.969639 
3.31 -0.174423 -0.967894 
3.32 -0.184084 -0.966054 
3.33 -0.193725 -0.964116 
3.34 -0.203346 -0.962083 
3.35 -0.212945 -0.959953 
3.36 -0.222523 -0.957728 
3.37 -0.232077 -0.955407 
3.38 -0.241607 -0.952991 
3.39 -0.251111 -0.95048 
3.4 -0.26059 -0.947874 
3.41 -0.270042 -0.945174 
3.42 -0.279466 -0.942379 
3.43 -0.28886 -0.93949 
3.44 -0.298226 -0.936508 
3.45 -0.30756 -0.933433 
3.46 -0.316862 -0.930264 
3.47 -0.326132 -0.927003 
3.48 -0.335369 -0.923649 
3.49 -0.344571 -0.920203 
3.5 -0.353738 -0.916666 
3.51 -0.362868 -0.913037 
3.52 -0.371961 -0.909317 
3.53 -0.381016 -0.905507 
3.54 -0.390032 -0.901607 
3.55 -0.399008 -0.897617 
3.56 -0.407944 -0.893537 
3.57 -0.416837 -0.889369 
3.58 -0.425689 -0.885112 
3.59 -0.434496 -0.880767 
3.6 -0.44326 -0.876334 
3.61 -0.451978 -0.871815 
3.62 -0.46065 -0.867208 
3.63 -0.469275 -0.862515 
3.64 -0.477852 -0.857737 
3.65 -0.486381 -0.852873 
3.66 -0.49486 -0.847924 
3.67 -0.503289 -0.842891 
3.68 -0.511667 -0.837775 
3.69 -0.519993 -0.832575 
3.7 -0.528265 -0.827292 
3.71 -0.536485 -0.821927 
3.72 -0.544649 -0.816481 
3.73 -0.552759 -0.810953 
3.74 -0.560812 -0.805345 
3.75 -0.568809 -0.799657 
3.76 -0.576748 -0.793889 
3.77 -0.584628 -0.788043 
3.78 -0.592449 -0.782119 
3.79 -0.600211 -0.776116 
3.8 -0.607911 -0.770037 
3.81 -0.61555 -0.763882 
3.82 -0.623126 -0.757651 
3.83 -0.63064 -0.751344 
3.84 -0.638089 -0.744963 
3.85 -0.645474 -0.738508 
3.86 -0.652794 -0.73198 
3.87 -0.660048 -0.72538 
3.88 -0.667235 -0.718708 
3.89 -0.674355 -0.711964 
3.9 -0.681406 -0.70515 
3.91 -0.688389 -0.698266 
3.92 -0.695302 -0.691313 
3.93 -0.702145 -0.684292 
3.94 -0.708917 -0.677202 
3.95 -0.715617 -0.670046 
3.96 -0.722245 -0.662824 
3.97 -0.728801 -0.655536 
3.98 -0.735283 -0.648183 
3.99 -0.74169 -0.640766 
4 -0.748023 -0.633286 
4.01 -0.75428 -0.625743 
4.02 -0.760462 -0.618138 
4.03 -0.766567 -0.610473 
4.04 -0.772594 -0.602747 
4.05 -0.778544 -0.594961 
4.06 -0.784415 -0.587117 
4.07 -0.790207 -0.579215 
4.08 -0.795919 -0.571256 
4.09 -0.801552 -0.56324 
4.1 -0.807103 -0.555169 
4.11 -0.812574 -0.547043 
4.12 -0.817962 -0.538864 
4.13 -0.823269 -0.530631 
4.14 -0.828492 -0.522346 
4.15 -0.833632 -0.51401 
4.16 -0.838689 -0.505623 
4.17 -0.84366 -0.497186 
4.18 -0.848547 -0.488701 
4.19 -0.853349 -0.480167 
4.2 -0.858065 -0.471587 
4.21 -0.862694 -0.46296 
4.22 -0.867237 -0.454287 
4.23 -0.871693 -0.44557 
4.24 -0.876061 -0.43681 
4.25 -0.880341 -0.428006 
4.26 -0.884533 -0.419161 
4.27 -0.888635 -0.410274 
4.28 -0.892649 -0.401348 
4.29 -0.896573 -0.392382 
4.3 -0.900406 -0.383378 
4.31 -0.90415 -0.374337 
4.32 -0.907802 -0.365259 
4.33 -0.911364 -0.356145 
4.34 -0.914834 -0.346997 
4.35 -0.918212 -0.337814 
4.36 -0.921498 -0.328599 
4.37 -0.924691 -0.319353 
4.38 -0.927792 -0.310075 
4.39 -0.9308 -0.300767 
4.4 -0.933714 -0.291429 
4.41 -0.936535 -0.282064 
4.42 -0.939261 -0.272671 
4.43 -0.941894 -0.263253 
4.44 -0.944432 -0.253808 
4.45 -0.946875 -0.244339 
4.46 -0.949224 -0.234847 
4.47 -0.951477 -0.225332 
4.48 -0.953635 -0.215796 
4.49 -0.955697 -0.206239 
4.5 -0.957664 -0.196662 
4.51 -0.959535 -0.187067 
4.52 -0.961309 -0.177454 
4.53 -0.962987 -0.167824 
4.54 -0.964569 -0.158178 
4.55 -0.966054 -0.148518 
4.56 -0.967443 -0.138843 
4.57 -0.968734 -0.129156 
4.58 -0.969929 -0.119457 
4.59 -0.971026 -0.109746 
4.6 -0.972026 -0.100026 
4.61 -0.972929 -0.0902969 
4.62 -0.973735 -0.0805595 
4.63 -0.974443 -0.0708151 
4.64 -0.975054 -0.0610645 
4.65 -0.975567 -0.0513088 
4.66 -0.975982 -0.041549 
4.67 -0.9763 -0.031786 
4.68 -0.97652 -0.0220208 
4.69 -0.976643 -0.0122543 
4.7 -0.976668 -0.00248766 
4.71 -0.976595 0.0072783 
4.72 -0.976424 0.0170426 
4.73 -0.976156 0.0268041 
4.74 -0.975791 0.036562 
4.75 -0.975328 0.0463153 
4.76 -0.974767 0.056063 
4.77 -0.974109 0.0658041 
4.78 -0.973353 0.0755377 
4.79 -0.972501 0.0852627 
4.8 -0.971551 0.0949782 
4.81 -0.970504 0.104683 
4.82 -0.96936 0.114377 
4.83 -0.96812 0.124058 
4.84 -0.966782 0.133726 
4.85 -0.965349 0.143379 
4.86 -0.963818 0.153018 
4.87 -0.962192 0.16264 
4.88 -0.96047 0.172244 
4.89 -0.958651 0.181831 
4.9 -0.956737 0.191398 
4.91 -0.954728 0.200945 
4.92 -0.952623 0.210472 
4.93 -0.950423 0.219976 
4.94 -0.948129 0.229457 
4.95 -0.945739 0.238915 
4.96 -0.943256 0.248347 
4.97 -0.940678 0.257754 
4.98 -0.938007 0.267134 
4.99 -0.935242 0.276486 
5 -0.932384 0.28581 
5.01 -0.929433 0.295105 
5.02 -0.926389 0.304369 
5.03 -0.923253 0.313601 
5.04 -0.920025 0.322801 
5.05 -0.916706 0.331968 
5.06 -0.913295 0.341101 
5.07 -0.909793 0.350199 
5.08 -0.9062 0.359261 
5.09 -0.902517 0.368286 
5.1 -0.898744 0.377274 
5.11 -0.894882 0.386223 
5.12 -0.890931 0.395132 
5.13 -0.886891 0.404001 
5.14 -0.882762 0.412829 
5.15 -0.878546 0.421614 
5.16 -0.874243 0.430356 
5.17 -0.869852 0.439055 
5.18 -0.865375 0.447709 
5.19 -0.860812 0.456317 
5.2 -0.856163 0.464879 
5.21 -0.851429 0.473393 
5.22 -0.84661 0.481859 
5.23 -0.841708 0.490276 
5.24 -0.836721 0.498643 
5.25 -0.831652 0.50696 
5.26 -0.826499 0.515225 
5.27 -0.821265 0.523437 
5.28 -0.815949 0.531597 
5.29 -0.810552 0.539702 
5.3 -0.805074 0.547753 
5.31 -0.799517 0.555748 
5.32 -0.79388 0.563687 
5.33 -0.788164 0.571569 
5.34 -0.78237 0.579392 
5.35 -0.776499 0.587157 
5.36 -0.77055 0.594863 
5.37 -0.764525 0.602508 
5.38 -0.758424 0.610092 
5.39 -0.752248 0.617615 
5.4 -0.745997 0.625075 
5.41 -0.739672 0.632472 
5.42 -0.733274 0.639804 
5.43 -0.726803 0.647072 
5.44 -0.720261 0.654275 
5.45 -0.713647 0.661412 
5.46 -0.706962 0.668481 
5.47 -0.700207 0.675483 
5.48 -0.693383 0.682417 
5.49 -0.68649 0.689282 
5.5 -0.679529 0.696077 
5.51 -0.672501 0.702802 
5.52 -0.665406 0.709456 
5.53 -0.658246 0.716039 
5.54 -0.651021 0.722549 
5.55 -0.643731 0.728986 
5.56 -0.636377 0.73535 
5.57 -0.628961 0.74164 
5.58 -0.621482 0.747855 
5.59 -0.613942 0.753994 
5.6 -0.606342 0.760057 
5.61 -0.598681 0.766044 
5.62 -0.590962 0.771954 
5.63 -0.583184 0.777786 
5.64 -0.575348 0.783539 
5.65 -0.567456 0.789214 
5.66 -0.559508 0.794809 
5.67 -0.551505 0.800324 
5.68 -0.543447 0.805758 
5.69 -0.535336 0.811112 
5.7 -0.527172 0.816383 
5.71 -0.518957 0.821573 
5.72 -0.51069 0.82668 
5.73 -0.502373 0.831704 
5.74 -0.494006 0.836644 
5.75 -0.485591 0.8415 
5.76 -0.477128 0.846271 
5.77 -0.468619 0.850957 
5.78 -0.460063 0.855558 
5.79 -0.451463 0.860072 
5.8 -0.442818 0.8645 
5.81 -0.434129 0.868842 
5.82 -0.425398 0.873096 
5.83 -0.416625 0.877262 
5.84 -0.407812 0.88134 
5.85 -0.398959 0.88533 
5.86 -0.390066 0.88923 
5.87 -0.381136 0.893042 
5.88 -0.372168 0.896763 
5.89 -0.363164 0.900395 
5.9 -0.354125 0.903936 
5.91 -0.345051 0.907387 
5.92 -0.335944 0.910746 
5.93 -0.326804 0.914014 
5.94 -0.317632 0.917191 
5.95 -0.308429 0.920275 
5.96 -0.299196 0.923267 
5.97 -0.289934 0.926166 
5.98 -0.280645 0.928973 
5.99 -0.271328 0.931686 
6 -0.261985 0.934306 
6.01 -0.252616 0.936832 
6.02 -0.243224 0.939264 
6.03 -0.233808 0.941602 
6.04 -0.224369 0.943846 
6.05 -0.214909 0.945995 
6.06 -0.205429 0.948049 
6.07 -0.195929 0.950009 
6.08 -0.18641 0.951873 
6.09 -0.176874 0.953641 
6.1 -0.16732 0.955315 
6.11 -0.157751 0.956892 
6.12 -0.148168 0.958374 
6.13 -0.13857 0.95976 
6.14 -0.12896 0.961049 
6.15 -0.119337 0.962243 
6.16 -0.109704 0.96334 
6.17 -0.10006 0.96434 
6.18 -0.0904079 0.965244 
6.19 -0.0807474 0.966052 
6.2 -0.0710797 0.966763 
6.21 -0.061406 0.967377 
6.22 -0.051727 0.967894 
6.23 -0.0420439 0.968314 
6.24 -0.0323575 0.968638 
6.25 -0.0226688 0.968865 
6.26 -0.0129789 0.968994 
6.27 -0.00328858 0.969027 
6.28 0.00640106 0.968963 
6.29 0.0160891 0.968802 
6.3 0.0257745 0.968545 
6.31 0.0354565 0.96819 
6.32 0.0451339 0.967739 
6.33 0.0548058 0.967191 
6.34 0.0644712 0.966546 
6.35 0.0741293 0.965805 
6.36 0.083779 0.964967 
6.37 0.0934193 0.964033 
6.38 0.103049 0.963002 
6.39 0.112668 0.961875 
6.4 0.122275 0.960653 
6.41 0.131868 0.959334 
6.42 0.141447 0.95792 
6.43 0.151011 0.956409 
6.44 0.160559 0.954804 
6.45 0.17009 0.953103 
6.46 0.179603 0.951307 
6.47 0.189098 0.949416 
6.48 0.198572 0.94743 
6.49 0.208025 0.94535 
6.5 0.217457 0.943175 
6.51 0.226866 0.940907 
6.52 0.236252 0.938544 
6.53 0.245613 0.936088 
6.54 0.254948 0.933539 
6.55 0.264257 0.930896 
6.56 0.273539 0.928161 
6.57 0.282792 0.925333 
6.58 0.292016 0.922413 
6.59 0.30121 0.919401 
6.6 0.310373 0.916297 
6.61 0.319504 0.913102 
6.62 0.328602 0.909816 
6.63 0.337667 0.906439 
6.64 0.346696 0.902972 
6.65 0.355691 0.899415 
6.66 0.364648 0.895769 
6.67 0.373569 0.892033 
6.68 0.382451 0.888209 
6.69 0.391294 0.884296 
6.7 0.400097 0.880295 
6.71 0.408859 0.876206 
6.72 0.417579 0.87203 
6.73 0.426257 0.867768 
6.74 0.434891 0.863419 
6.75 0.443481 0.858984 
6.76 0.452025 0.854464 
6.77 0.460524 0.849858 
6.78 0.468976 0.845169 
6.79 0.47738 0.840395 
6.8 0.485735 0.835538 
6.81 0.494041 0.830597 
6.82 0.502297 0.825574 
6.83 0.510501 0.820469 
6.84 0.518654 0.815283 
6.85 0.526754 0.810015 
6.86 0.534801 0.804667 
6.87 0.542793 0.799239 
6.88 0.550731 0.793732 
6.89 0.558612 0.788146 
6.9 0.566437 0.782481 
6.91 0.574204 0.776739 
6.92 0.581914 0.77092 
6.93 0.589564 0.765025 
6.94 0.597154 0.759053 
6.95 0.604684 0.753006 
6.96 0.612153 0.746885 
6.97 0.61956 0.740689 
6.98 0.626904 0.73442 
6.99 0.634185 0.728078 
7 0.641402 0.721664 
7.01 0.648554 0.715179 
7.02 0.65564 0.708622 
7.03 0.66266 0.701996 
7.04 0.669613 0.6953 
7.05 0.676498 0.688535 
7.06 0.683315 0.681701 
7.07 0.690063 0.674801 
7.08 0.696742 0.667833 
7.09 0.70335 0.6608 
7.1 0.709887 0.653701 
7.11 0.716352 0.646537 
7.12 0.722745 0.63931 
7.13 0.729065 0.632019 
7.14 0.735312 0.624666 
7.15 0.741484 0.617251 
7.16 0.747582 0.609776 
7.17 0.753605 0.60224 
7.18 0.759551 0.594644 
7.19 0.765421 0.58699 
7.2 0.771214 0.579278 
7.21 0.776929 0.571508 
7.22 0.782566 0.563683 
7.23 0.788124 0.555802 
7.24 0.793602 0.547866 
7.25 0.799001 0.539876 
7.26 0.804319 0.531832 
7.27 0.809557 0.523737 
7.28 0.814713 0.51559 
7.29 0.819787 0.507392 
7.3 0.824778 0.499144 
7.31 0.829686 0.490847 
7.32 0.834511 0.482502 
7.33 0.839253 0.47411 
7.34 0.843909 0.46567 
7.35 0.848481 0.457186 
7.36 0.852968 0.448656 
7.37 0.857369 0.440082 
7.38 0.861683 0.431465 
7.39 0.865911 0.422806 
7.4 0.870052 0.414106 
7.41 0.874106 0.405365 
7.42 0.878072 0.396584 
7.43 0.881949 0.387765 
7.44 0.885739 0.378907 
7.45 0.889439 0.370013 
7.46 0.893049 0.361082 
7.47 0.896571 0.352117 
7.48 0.900002 0.343117 
7.49 0.903343 0.334083 
7.5 0.906593 0.325017 
7.51 0.909752 0.31592 
7.52 0.91282 0.306792 
7.53 0.915796 0.297634 
7.54 0.918681 0.288447 
7.55 0.921473 0.279232 
7.56 0.924173 0.26999 
7.57 0.92678 0.260723 
7.58 0.929294 0.25143 
7.59 0.931716 0.242112 
7.6 0.934043 0.232772 
7.61 0.936277 0.223409 
7.62 0.938418 0.214025 
7.63 0.940464 0.204621 
7.64 0.942416 0.195196 
7.65 0.944273 0.185754 
7.66 0.946036 0.176293 
7.67 0.947704 0.166816 
7.68 0.949278 0.157323 
7.69 0.950756 0.147816 
7.7 0.952139 0.138295 
7.71 0.953426 0.12876 
7.72 0.954619 0.119214 
7.73 0.955715 0.109657 
7.74 0.956716 0.10009 
7.75 0.957621 0.0905136 
7.76 0.95843 0.0809293 
7.77 0.959143 0.0713379 
7.78 0.959759 0.0617404 
7.79 0.96028 0.0521376 
7.8 0.960704 0.0425306 
7.81 0.961032 0.0329203 
7.82 0.961264 0.0233077 
7.83 0.9614 0.0136937 
7.84 0.96144 0.00407932 
7.85 0.961384 -0.00553449 
7.86 0.961231 -0.0151468 
7.87 0.960983 -0.0247566 
7.88 0.960638 -0.0343629 
7.89 0.960197 -0.0439649 
7.9 0.959661 -0.0535615 
7.91 0.959028 -0.0631517 
7.92 0.9583 -0.0727347 
7.93 0.957477 -0.0823094 
7.94 0.956558 -0.091875 
7.95 0.955544 -0.10143 
7.96 0.954434 -0.110975 
7.97 0.953229 -0.120507 
7.98 0.951929 -0.130026 
7.99 0.950533 -0.139532 
8 0.949043 -0.149022 
8.01 0.947458 -0.158497 
8.02 0.945779 -0.167954 
8.03 0.944005 -0.177394 
8.04 0.942136 -0.186816 
8.05 0.940174 -0.196217 
8.06 0.938118 -0.205599 
8.07 0.935969 -0.214958 
8.08 0.933726 -0.224296 
8.09 0.93139 -0.233609 
8.1 0.928961 -0.242899 
8.11 0.926439 -0.252163 
8.12 0.923825 -0.261402 
8.13 0.921119 -0.270613 
8.14 0.918321 -0.279796 
8.15 0.915431 -0.28895 
8.16 0.912451 -0.298075 
8.17 0.909379 -0.307169 
8.18 0.906217 -0.316231 
8.19 0.902964 -0.32526 
8.2 0.899621 -0.334257 
8.21 0.896189 -0.343218 
8.22 0.892668 -0.352145 
8.23 0.889057 -0.361036 
8.24 0.885359 -0.369889 
8.25 0.881572 -0.378705 
8.26 0.877697 -0.387482 
8.27 0.873735 -0.396219 
8.28 0.869685 -0.404916 
8.29 0.86555 -0.413572 
8.3 0.861328 -0.422185 
8.31 0.85702 -0.430755 
8.32 0.852627 -0.439281 
8.33 0.84815 -0.447763 
8.34 0.843588 -0.456199 
8.35 0.838942 -0.464588 
8.36 0.834213 -0.47293 
8.37 0.8294 -0.481224 
8.38 0.824506 -0.489469 
8.39 0.819529 -0.497664 
8.4 0.814471 -0.505809 
8.41 0.809332 -0.513902 
8.42 0.804113 -0.521944 
8.43 0.798813 -0.529932 
8.44 0.793435 -0.537866 
8.45 0.787977 -0.545746 
8.46 0.782441 -0.55357 
8.47 0.776828 -0.561338 
8.48 0.771138 -0.56905 
8.49 0.76537 -0.576703 
8.5 0.759528 -0.584299 
8.51 0.753609 -0.591835 
8.52 0.747616 -0.599311 
8.53 0.741549 -0.606726 
8.54 0.735408 -0.614081 
8.55 0.729194 -0.621372 
8.56 0.722908 -0.628602 
8.57 0.716551 -0.635767 
8.58 0.710122 -0.642868 
8.59 0.703623 -0.649904 
8.6 0.697054 -0.656875 
8.61 0.690416 -0.663779 
8.62 0.68371 -0.670616 
8.63 0.676936 -0.677386 
8.64 0.670095 -0.684086 
8.65 0.663188 -0.690718 
8.66 0.656215 -0.69728 
8.67 0.649178 -0.703772 
8.68 0.642076 -0.710193 
8.69 0.63491 -0.716542 
8.7 0.627682 -0.722819 
8.71 0.620392 -0.729023 
8.72 0.61304 -0.735153 
8.73 0.605628 -0.741209 
8.74 0.598156 -0.747191 
8.75 0.590626 -0.753097 
8.76 0.583036 -0.758928 
8.77 0.575389 -0.764681 
8.78 0.567686 -0.770358 
8.79 0.559926 -0.775957 
8.8 0.552112 -0.781479 
8.81 0.544242 -0.786921 
8.82 0.536319 -0.792284 
8.83 0.528344 -0.797568 
8.84 0.520316 -0.802771 
8.85 0.512237 -0.807893 
8.86 0.504108 -0.812934 
8.87 0.495929 -0.817893 
8.88 0.487701 -0.82277 
8.89 0.479426 -0.827565 
8.9 0.471103 -0.832276 
8.91 0.462734 -0.836903 
8.92 0.454319 -0.841446 
8.93 0.44586 -0.845905 
8.94 0.437358 -0.850278 
8.95 0.428812 -0.854566 
8.96 0.420224 -0.858769 
8.97 0.411595 -0.862885 
8.98 0.402926 -0.866914 
8.99 0.394218 -0.870856 
9 0.385471 -0.874711 
9.01 0.376686 -0.878477 
9.02 0.367864 -0.882156 
9.03 0.359007 -0.885746 
9.04 0.350114 -0.889247 
9.05 0.341188 -0.892659 
9.06 0.332228 -0.895981 
9.07 0.323236 -0.899214 
9.08 0.314212 -0.902356 
9.09 0.305158 -0.905407 
9.1 0.296074 -0.908368 
9.11 0.286962 -0.911238 
9.12 0.277822 -0.914016 
9.13 0.268655 -0.916702 
9.14 0.259462 -0.919297 
9.15 0.250244 -0.921799 
9.16 0.241002 -0.924209 
9.17 0.231737 -0.926527 
9.18 0.222449 -0.928751 
9.19 0.21314 -0.930883 
9.2 0.203811 -0.932921 
9.21 0.194462 -0.934865 
9.22 0.185095 -0.936716 
9.23 0.175711 -0.938473 
9.24 0.166309 -0.940136 
9.25 0.156892 -0.941705 
9.26 0.14746 -0.94318 
9.27 0.138015 -0.94456 
9.28 0.128556 -0.945846 
9.29 0.119086 -0.947036 
9.3 0.109605 -0.948132 
9.31 0.100113 -0.949134 
9.32 0.090613 -0.95004 
9.33 0.0811045 -0.950851 
9.34 0.0715888 -0.951567 
9.35 0.0620669 -0.952187 
9.36 0.0525398 -0.952713 
9.37 0.0430084 -0.953143 
9.38 0.0334736 -0.953477 
9.39 0.0239365 -0.953717 
9.4 0.0143979 -0.953861 
9.41 0.00485881 -0.953909 
9.42 -0.0046798 -0.953862 
9.43 -0.014217 -0.95372 
9.44 -0.0237518 -0.953483 
9.45 -0.0332833 -0.95315 
9.46 -0.0428105 -0.952722 
9.47 -0.0523325 -0.952198 
9.48 -0.0618483 -0.95158 
9.49 -0.0713569 -0.950866 
9.5 -0.0808575 -0.950058 
9.51 -0.090349 -0.949154 
9.52 -0.0998306 -0.948156 
9.53 -0.109301 -0.947063 
9.54 -0.11876 -0.945875 
9.55 -0.128206 -0.944593 
9.56 -0.137638 -0.943217 
9.57 -0.147055 -0.941746 
9.58 -0.156457 -0.940182 
9.59 -0.165842 -0.938523 
9.6 -0.17521 -0.936771 
9.61 -0.184559 -0.934925 
9.62 -0.193889 -0.932987 
9.63 -0.203199 -0.930955 
9.64 -0.212487 -0.92883 
9.65 -0.221753 -0.926612 
9.66 -0.230996 -0.924302 
9.67 -0.240215 -0.9219 
9.68 -0.249409 -0.919406 
9.69 -0.258577 -0.91682 
9.7 -0.267719 -0.914143 
9.71 -0.276833 -0.911374 
9.72 -0.285918 -0.908515 
9.73 -0.294973 -0.905566 
9.74 -0.303999 -0.902526 
9.75 -0.312993 -0.899396 
9.76 -0.321954 -0.896176 
9.77 -0.330883 -0.892867 
9.78 -0.339778 -0.889469 
9.79 -0.348637 -0.885983 
9.8 -0.357462 -0.882408 
9.81 -0.366249 -0.878746 
9.82 -0.374999 -0.874996 
9.83 -0.38371 -0.871159 
9.84 -0.392383 -0.867235 
9.85 -0.401015 -0.863225 
9.86 -0.409606 -0.859129 
9.87 -0.418156 -0.854947 
9.88 -0.426663 -0.85068 
9.89 -0.435126 -0.846329 
9.9 -0.443545 -0.841894 
9.91 -0.451919 -0.837374 
9.92 -0.460246 -0.832772 
9.93 -0.468527 -0.828087 
9.94 -0.47676 -0.823319 
9.95 -0.484945 -0.81847 
9.96 -0.49308 -0.813539 
9.97 -0.501166 -0.808527 
9.98 -0.5092 -0.803435 
9.99 -0.517182 -0.798263 
