0 0.00999975 0.99995 
0.01 0.0199985 0.9998 
0.02 0.0299953 0.99955 
0.03 0.039989 0.9992 
0.04 0.0499788 0.99875 
0.05 0.0599635 0.998201 
0.06 0.0699423 0.997551 
0.07 0.079914 0.996802 
0.08 0.0898778 0.995953 
0.09 0.0998326 0.995004 
0.1 0.109777 0.993956 
0.11 0.119711 0.992809 
0.12 0.129633 0.991562 
0.13 0.139542 0.990216 
0.14 0.149437 0.988771 
0.15 0.159317 0.987227 
0.16 0.169181 0.985585 
0.17 0.179028 0.983844 
0.18 0.188857 0.982005 
0.19 0.198668 0.980067 
0.2 0.208458 0.978031 
0.21 0.218228 0.975898 
0.22 0.227976 0.973667 
0.23 0.237701 0.971338 
0.24 0.247402 0.968913 
0.25 0.257078 0.966391 
0.26 0.266729 0.963771 
0.27 0.276353 0.961056 
0.28 0.28595 0.958245 
0.29 0.295518 0.955337 
0.3 0.305056 0.952334 
0.31 0.314564 0.949236 
0.32 0.32404 0.946043 
0.33 0.333484 0.942756 
0.34 0.342895 0.939374 
0.35 0.352271 0.935898 
0.36 0.361613 0.932328 
0.37 0.370918 0.928666 
0.38 0.380185 0.92491 
0.39 0.389415 0.921062 
0.4 0.398606 0.917122 
0.41 0.407757 0.91309 
0.42 0.416868 0.908967 
0.43 0.425936 0.904753 
0.44 0.434962 0.900449 
0.45 0.443945 0.896054 
0.46 0.452883 0.89157 
0.47 0.461776 0.886997 
0.48 0.470622 0.882335 
0.49 0.479422 0.877585 
0.5 0.488174 0.872747 
0.51 0.496876 0.867821 
0.52 0.50553 0.862809 
0.53 0.514132 0.857711 
0.54 0.522683 0.852527 
0.55 0.531182 0.847258 
0.56 0.539628 0.841904 
0.57 0.54802 0.836465 
0.58 0.556357 0.830943 
0.59 0.564638 0.825338 
0.6 0.572863 0.819651 
0.61 0.581031 0.813881 
0.62 0.589141 0.808031 
0.63 0.597191 0.802099 
0.64 0.605182 0.796087 
0.65 0.613113 0.789996 
0.66 0.620982 0.783825 
0.67 0.628789 0.777576 
0.68 0.636533 0.77125 
0.69 0.644213 0.764846 
0.7 0.651829 0.758366 
0.71 0.65938 0.75181 
0.72 0.666865 0.745178 
0.73 0.674283 0.738473 
0.74 0.681634 0.731693 
0.75 0.688917 0.72484 
0.76 0.696131 0.717915 
0.77 0.703275 0.710918 
0.78 0.710349 0.70385 
0.79 0.717351 0.696711 
0.8 0.724283 0.689503 
0.81 0.731141 0.682226 
0.82 0.737927 0.674881 
0.83 0.744638 0.667468 
0.84 0.751276 0.659988 
0.85 0.757838 0.652443 
0.86 0.764324 0.644832 
0.87 0.770734 0.637157 
0.88 0.777067 0.629418 
0.89 0.783322 0.621616 
0.9 0.789499 0.613752 
0.91 0.795597 0.605826 
0.92 0.801615 0.59784 
0.93 0.807554 0.589794 
0.94 0.813411 0.58169 
0.95 0.819187 0.573527 
0.96 0.824881 0.565306 
0.97 0.830493 0.557029 
0.98 0.836021 0.548697 
0.99 0.841467 0.540309 
1 0.846827 0.531868 
1.01 0.852104 0.523373 
1.02 0.857295 0.514826 
1.03 0.8624 0.506228 
1.04 0.867419 0.497579 
1.05 0.872351 0.48888 
1.06 0.877196 0.480132 
1.07 0.881954 0.471336 
1.08 0.886623 0.462493 
1.09 0.891203 0.453604 
1.1 0.895695 0.44467 
1.11 0.900096 0.435691 
1.12 0.904408 0.426668 
1.13 0.90863 0.417603 
1.14 0.91276 0.408496 
1.15 0.916799 0.399348 
1.16 0.920747 0.390161 
1.17 0.924602 0.380934 
1.18 0.928365 0.371669 
1.19 0.932035 0.362367 
1.2 0.935612 0.353029 
1.21 0.939096 0.343655 
1.22 0.942485 0.334247 
1.23 0.94578 0.324806 
1.24 0.948981 0.315332 
1.25 0.952087 0.305827 
1.26 0.955097 0.296291 
1.27 0.958012 0.286725 
1.28 0.960831 0.277131 
1.29 0.963554 0.267509 
1.3 0.966181 0.257861 
1.31 0.968711 0.248186 
1.32 0.971145 0.238487 
1.33 0.973481 0.228764 
1.34 0.97572 0.219018 
1.35 0.977861 0.20925 
1.36 0.979904 0.199461 
1.37 0.98185 0.189652 
1.38 0.983697 0.179825 
1.39 0.985446 0.169979 
1.4 0.987096 0.160116 
1.41 0.988648 0.150237 
1.42 0.990101 0.140344 
1.43 0.991455 0.130436 
1.44 0.992709 0.120515 
1.45 0.993865 0.110582 
1.46 0.994921 0.100638 
1.47 0.995877 0.0906843 
1.48 0.996734 0.0807213 
1.49 0.997491 0.0707501 
1.5 0.998149 0.0607719 
1.51 0.998706 0.0507877 
1.52 0.999164 0.0407983 
1.53 0.999522 0.0308049 
1.54 0.99978 0.0208084 
1.55 0.999938 0.0108098 
1.56 0.999996 0.000810115 
1.57 0.999954 -0.00918964 
1.58 0.999812 -0.0191885 
1.59 0.99957 -0.0291854 
1.6 0.999228 -0.0391794 
1.61 0.998786 -0.0491694 
1.62 0.998244 -0.0591546 
1.63 0.997603 -0.0691338 
1.64 0.996861 -0.0791061 
1.65 0.99602 -0.0890706 
1.66 0.99508 -0.0990261 
1.67 0.99404 -0.108972 
1.68 0.9929 -0.118906 
1.69 0.991661 -0.128829 
1.7 0.990323 -0.138739 
1.71 0.988886 -0.148635 
1.72 0.98735 -0.158516 
1.73 0.985716 -0.168382 
1.74 0.983983 -0.17823 
1.75 0.982151 -0.188061 
1.76 0.980221 -0.197873 
1.77 0.978193 -0.207665 
1.78 0.976068 -0.217436 
1.79 0.973844 -0.227186 
1.8 0.971524 -0.236912 
1.81 0.969106 -0.246616 
1.82 0.966591 -0.256294 
1.83 0.96398 -0.265947 
1.84 0.961272 -0.275573 
1.85 0.958468 -0.285172 
1.86 0.955569 -0.294742 
1.87 0.952573 -0.304283 
1.88 0.949483 -0.313793 
1.89 0.946297 -0.323272 
1.9 0.943017 -0.332718 
1.91 0.939643 -0.342132 
1.92 0.936174 -0.351511 
1.93 0.932612 -0.360855 
1.94 0.928957 -0.370163 
1.95 0.925209 -0.379433 
1.96 0.921369 -0.388666 
1.97 0.917436 -0.39786 
1.98 0.913412 -0.407015 
1.99 0.909296 -0.416128 
2 0.905089 -0.4252 
2.01 0.900792 -0.434229 
2.02 0.896405 -0.443215 
2.03 0.891928 -0.452157 
2.04 0.887362 -0.461054 
2.05 0.882707 -0.469904 
2.06 0.877964 -0.478707 
2.07 0.873133 -0.487463 
2.08 0.868215 -0.49617 
2.09 0.86321 -0.504827 
2.1 0.858119 -0.513433 
2.11 0.852942 -0.521989 
2.12 0.847679 -0.530492 
2.13 0.842332 -0.538942 
2.14 0.836901 -0.547338 
2.15 0.831386 -0.555679 
2.16 0.825788 -0.563965 
2.17 0.820107 -0.572195 
2.18 0.814344 -0.580367 
2.19 0.8085 -0.588481 
2.2 0.802575 -0.596537 
2.21 0.796569 -0.604532 
2.22 0.790484 -0.612468 
2.23 0.78432 -0.620342 
2.24 0.778078 -0.628154 
2.25 0.771757 -0.635903 
2.26 0.76536 -0.643588 
2.27 0.758886 -0.65121 
2.28 0.752336 -0.658766 
2.29 0.745711 -0.666256 
2.3 0.739011 -0.673679 
2.31 0.732238 -0.681036 
2.32 0.725391 -0.688324 
2.33 0.718472 -0.695543 
2.34 0.71148 -0.702693 
2.35 0.704418 -0.709772 
2.36 0.697285 -0.716781 
2.37 0.690083 -0.723718 
2.38 0.682811 -0.730582 
2.39 0.675472 -0.737374 
2.4 0.668064 -0.744091 
2.41 0.66059 -0.750735 
2.42 0.65305 -0.757303 
2.43 0.645444 -0.763795 
2.44 0.637774 -0.770211 
2.45 0.630041 -0.77655 
2.46 0.622244 -0.782812 
2.47 0.614385 -0.788995 
2.48 0.606464 -0.795099 
2.49 0.598483 -0.801124 
2.5 0.590442 -0.807069 
2.51 0.582342 -0.812933 
2.52 0.574184 -0.818715 
2.53 0.565968 -0.824416 
2.54 0.557696 -0.830034 
2.55 0.549368 -0.83557 
2.56 0.540985 -0.841021 
2.57 0.532548 -0.846389 
2.58 0.524058 -0.851672 
2.59 0.515515 -0.85687 
2.6 0.506921 -0.861982 
2.61 0.498276 -0.867008 
2.62 0.489581 -0.871947 
2.63 0.480837 -0.876799 
2.64 0.472046 -0.881564 
2.65 0.463207 -0.88624 
2.66 0.454321 -0.890828 
2.67 0.44539 -0.895326 
2.68 0.436415 -0.899735 
2.69 0.427396 -0.904054 
2.7 0.418334 -0.908283 
2.71 0.409231 -0.912421 
2.72 0.400087 -0.916467 
2.73 0.390902 -0.920422 
2.74 0.381679 -0.924285 
2.75 0.372417 -0.928056 
2.76 0.363118 -0.931733 
2.77 0.353783 -0.935318 
2.78 0.344412 -0.938809 
2.79 0.335007 -0.942206 
2.8 0.325568 -0.945509 
2.81 0.316097 -0.948717 
2.82 0.306594 -0.951831 
2.83 0.297061 -0.954849 
2.84 0.287498 -0.957772 
2.85 0.277906 -0.960599 
2.86 0.268286 -0.96333 
2.87 0.25864 -0.965964 
2.88 0.248968 -0.968502 
2.89 0.23927 -0.970944 
2.9 0.229549 -0.973288 
2.91 0.219805 -0.975534 
2.92 0.210039 -0.977684 
2.93 0.200252 -0.979735 
2.94 0.190445 -0.981689 
2.95 0.180619 -0.983544 
2.96 0.170774 -0.985301 
2.97 0.160913 -0.986959 
2.98 0.151036 -0.988519 
2.99 0.141143 -0.98998 
3 0.131237 -0.991342 
3.01 0.121317 -0.992605 
3.02 0.111385 -0.993768 
3.03 0.101442 -0.994832 
3.04 0.0914889 -0.995797 
3.05 0.0815266 -0.996662 
3.06 0.0715562 -0.997427 
3.07 0.0615786 -0.998093 
3.08 0.0515948 -0.998659 
3.09 0.0416059 -0.999125 
3.1 0.0316128 -0.999491 
3.11 0.0216166 -0.999757 
3.12 0.0116182 -0.999923 
3.13 0.00161864 -0.99999 
3.14 -0.00838109 -0.999956 
3.15 -0.01838 -0.999822 
3.16 -0.028377 -0.999588 
3.17 -0.0383712 -0.999254 
3.18 -0.0483616 -0.998821 
3.19 -0.0583472 -0.998287 
3.2 -0.0683269 -0.997654 
3.21 -0.0782997 -0.996921 
3.22 -0.0882648 -0.996088 
3.23 -0.098221 -0.995155 
3.24 -0.108167 -0.994123 
3.25 -0.118103 -0.992992 
3.26 -0.128027 -0.991761 
3.27 -0.137938 -0.990432 
3.28 -0.147835 -0.989003 
3.29 -0.157717 -0.987475 
3.3 -0.167584 -0.985849 
3.31 -0.177434 -0.984123 
3.32 -0.187266 -0.9823 
3.33 -0.197079 -0.980378 
3.34 -0.206873 -0.978358 
3.35 -0.216646 -0.976241 
3.36 -0.226397 -0.974026 
3.37 -0.236126 -0.971713 
3.38 -0.245831 -0.969303 
3.39 -0.255512 -0.966797 
3.4 -0.265166 -0.964193 
3.41 -0.274795 -0.961493 
3.42 -0.284396 -0.958697 
3.43 -0.293968 -0.955806 
3.44 -0.303511 -0.952818 
3.45 -0.313024 -0.949735 
3.46 -0.322506 -0.946558 
3.47 -0.331955 -0.943286 
3.48 -0.341371 -0.939919 
3.49 -0.350753 -0.936458 
3.5 -0.3601 -0.932904 
3.51 -0.36941 -0.929256 
3.52 -0.378684 -0.925516 
3.53 -0.38792 -0.921683 
3.54 -0.397117 -0.917758 
3.55 -0.406275 -0.913741 
3.56 -0.415392 -0.909632 
3.57 -0.424467 -0.905433 
3.58 -0.4335 -0.901143 
3.59 -0.44249 -0.896763 
3.6 -0.451435 -0.892294 
3.61 -0.460335 -0.887735 
3.62 -0.469189 -0.883087 
3.63 -0.477996 -0.878351 
3.64 -0.486756 -0.873528 
3.65 -0.495466 -0.868616 
3.66 -0.504128 -0.863618 
3.67 -0.512738 -0.858534 
3.68 -0.521298 -0.853364 
3.69 -0.529805 -0.848108 
3.7 -0.53826 -0.842768 
3.71 -0.54666 -0.837344 
3.72 -0.555006 -0.831835 
3.73 -0.563296 -0.826244 
3.74 -0.571531 -0.82057 
3.75 -0.579707 -0.814813 
3.76 -0.587826 -0.808976 
3.77 -0.595887 -0.803057 
3.78 -0.603887 -0.797058 
3.79 -0.611827 -0.79098 
3.8 -0.619706 -0.784822 
3.81 -0.627523 -0.778586 
3.82 -0.635278 -0.772272 
3.83 -0.642968 -0.765881 
3.84 -0.650595 -0.759413 
3.85 -0.658156 -0.752869 
3.86 -0.665652 -0.74625 
3.87 -0.673081 -0.739556 
3.88 -0.680443 -0.732789 
3.89 -0.687736 -0.725948 
3.9 -0.694961 -0.719034 
3.91 -0.702117 -0.712049 
3.92 -0.709202 -0.704992 
3.93 -0.716216 -0.697865 
3.94 -0.723159 -0.690668 
3.95 -0.730029 -0.683402 
3.96 -0.736826 -0.676068 
3.97 -0.74355 -0.668666 
3.98 -0.750199 -0.661198 
3.99 -0.756774 -0.653663 
4 -0.763272 -0.646062 
4.01 -0.769695 -0.638398 
4.02 -0.77604 -0.630669 
4.03 -0.782308 -0.622877 
4.04 -0.788497 -0.615023 
4.05 -0.794608 -0.607108 
4.06 -0.800639 -0.599131 
4.07 -0.80659 -0.591095 
4.08 -0.812461 -0.583 
4.09 -0.81825 -0.574846 
4.1 -0.823957 -0.566635 
4.11 -0.829582 -0.558368 
4.12 -0.835124 -0.550044 
4.13 -0.840583 -0.541666 
4.14 -0.845957 -0.533233 
4.15 -0.851247 -0.524747 
4.16 -0.856452 -0.516208 
4.17 -0.861571 -0.507618 
4.18 -0.866604 -0.498977 
4.19 -0.871551 -0.490287 
4.2 -0.87641 -0.481547 
4.21 -0.881181 -0.472759 
4.22 -0.885865 -0.463924 
4.23 -0.89046 -0.455042 
4.24 -0.894965 -0.446115 
4.25 -0.899382 -0.437143 
4.26 -0.903708 -0.428128 
4.27 -0.907944 -0.419069 
4.28 -0.912089 -0.409969 
4.29 -0.916143 -0.400828 
4.3 -0.920105 -0.391647 
4.31 -0.923976 -0.382426 
4.32 -0.927754 -0.373168 
4.33 -0.931439 -0.363872 
4.34 -0.935031 -0.35454 
4.35 -0.93853 -0.345172 
4.36 -0.941934 -0.335769 
4.37 -0.945245 -0.326333 
4.38 -0.948461 -0.316865 
4.39 -0.951582 -0.307365 
4.4 -0.954608 -0.297834 
4.41 -0.957538 -0.288273 
4.42 -0.960373 -0.278684 
4.43 -0.963112 -0.269066 
4.44 -0.965754 -0.259422 
4.45 -0.9683 -0.249751 
4.46 -0.970749 -0.240056 
4.47 -0.973101 -0.230337 
4.48 -0.975356 -0.220595 
4.49 -0.977513 -0.21083 
4.5 -0.979572 -0.201045 
4.51 -0.981534 -0.191239 
4.52 -0.983397 -0.181415 
4.53 -0.985162 -0.171572 
4.54 -0.986829 -0.161712 
4.55 -0.988396 -0.151836 
4.56 -0.989865 -0.141945 
4.57 -0.991235 -0.132039 
4.58 -0.992506 -0.12212 
4.59 -0.993677 -0.112189 
4.6 -0.99475 -0.102247 
4.61 -0.995722 -0.0922949 
4.62 -0.996595 -0.0823333 
4.63 -0.997369 -0.0723635 
4.64 -0.998043 -0.0623864 
4.65 -0.998617 -0.0524031 
4.66 -0.999091 -0.0424146 
4.67 -0.999465 -0.0324218 
4.68 -0.999739 -0.0224258 
4.69 -0.999913 -0.0124275 
4.7 -0.999988 -0.00242804 
4.71 -0.999962 0.00757171 
4.72 -0.999836 0.0175707 
4.73 -0.999611 0.0275679 
4.74 -0.999285 0.0375624 
4.75 -0.998859 0.0475531 
4.76 -0.998334 0.0575391 
4.77 -0.997709 0.0675193 
4.78 -0.996984 0.0774928 
4.79 -0.996159 0.0874585 
4.8 -0.995234 0.0974155 
4.81 -0.99421 0.107363 
4.82 -0.993087 0.117299 
4.83 -0.991865 0.127224 
4.84 -0.990543 0.137136 
4.85 -0.989122 0.147034 
4.86 -0.987602 0.156918 
4.87 -0.985984 0.166786 
4.88 -0.984267 0.176637 
4.89 -0.982451 0.186471 
4.9 -0.980537 0.196286 
4.91 -0.978525 0.206081 
4.92 -0.976416 0.215856 
4.93 -0.974208 0.225609 
4.94 -0.971904 0.235339 
4.95 -0.969502 0.245046 
4.96 -0.967003 0.254729 
4.97 -0.964407 0.264386 
4.98 -0.961715 0.274017 
4.99 -0.958927 0.28362 
5 -0.956043 0.293195 
5.01 -0.953063 0.30274 
5.02 -0.949988 0.312255 
5.03 -0.946818 0.321739 
5.04 -0.943554 0.331191 
5.05 -0.940195 0.34061 
5.06 -0.936742 0.349995 
5.07 -0.933195 0.359344 
5.08 -0.929555 0.368658 
5.09 -0.925822 0.377935 
5.1 -0.921996 0.387174 
5.11 -0.918079 0.396374 
5.12 -0.914069 0.405535 
5.13 -0.909968 0.414655 
5.14 -0.905776 0.423734 
5.15 -0.901494 0.43277 
5.16 -0.897121 0.441764 
5.17 -0.892659 0.450712 
5.18 -0.888107 0.459616 
5.19 -0.883467 0.468474 
5.2 -0.878738 0.477285 
5.21 -0.873921 0.486048 
5.22 -0.869017 0.494763 
5.23 -0.864026 0.503428 
5.24 -0.858949 0.512043 
5.25 -0.853785 0.520607 
5.26 -0.848537 0.529119 
5.27 -0.843203 0.537577 
5.28 -0.837786 0.545982 
5.29 -0.832284 0.554333 
5.3 -0.826699 0.562627 
5.31 -0.821032 0.570866 
5.32 -0.815282 0.579048 
5.33 -0.809451 0.587171 
5.34 -0.803539 0.595236 
5.35 -0.797547 0.603242 
5.36 -0.791474 0.611187 
5.37 -0.785323 0.619071 
5.38 -0.779093 0.626893 
5.39 -0.772786 0.634652 
5.4 -0.766401 0.642348 
5.41 -0.759939 0.64998 
5.42 -0.753401 0.657547 
5.43 -0.746788 0.665048 
5.44 -0.740101 0.672482 
5.45 -0.733339 0.679849 
5.46 -0.726504 0.687148 
5.47 -0.719596 0.694379 
5.48 -0.712617 0.70154 
5.49 -0.705566 0.708631 
5.5 -0.698445 0.715651 
5.51 -0.691253 0.722599 
5.52 -0.683993 0.729476 
5.53 -0.676664 0.736279 
5.54 -0.669268 0.743009 
5.55 -0.661804 0.749664 
5.56 -0.654275 0.756244 
5.57 -0.64668 0.762749 
5.58 -0.63902 0.769178 
5.59 -0.631297 0.775529 
5.6 -0.62351 0.781803 
5.61 -0.615661 0.787999 
5.62 -0.60775 0.794116 
5.63 -0.599779 0.800154 
5.64 -0.591748 0.806111 
5.65 -0.583657 0.811988 
5.66 -0.575508 0.817784 
5.67 -0.567302 0.823498 
5.68 -0.559039 0.82913 
5.69 -0.55072 0.834679 
5.7 -0.542346 0.840144 
5.71 -0.533917 0.845526 
5.72 -0.525436 0.850822 
5.73 -0.516901 0.856034 
5.74 -0.508315 0.86116 
5.75 -0.499679 0.8662 
5.76 -0.490992 0.871153 
5.77 -0.482256 0.87602 
5.78 -0.473472 0.880798 
5.79 -0.46464 0.885489 
5.8 -0.455762 0.890091 
5.81 -0.446839 0.894604 
5.82 -0.437871 0.899027 
5.83 -0.428859 0.903361 
5.84 -0.419804 0.907604 
5.85 -0.410707 0.911757 
5.86 -0.401569 0.915818 
5.87 -0.392391 0.919788 
5.88 -0.383174 0.923666 
5.89 -0.373918 0.927451 
5.9 -0.364626 0.931144 
5.91 -0.355296 0.934744 
5.92 -0.345931 0.93825 
5.93 -0.336532 0.941662 
5.94 -0.327098 0.94498 
5.95 -0.317632 0.948204 
5.96 -0.308135 0.951333 
5.97 -0.298606 0.954366 
5.98 -0.289048 0.957305 
5.99 -0.279461 0.960147 
6 -0.269845 0.962894 
6.01 -0.260203 0.965544 
6.02 -0.250535 0.968098 
6.03 -0.240842 0.970555 
6.04 -0.231124 0.972914 
6.05 -0.221384 0.975177 
6.06 -0.211621 0.977342 
6.07 -0.201838 0.979409 
6.08 -0.192034 0.981379 
6.09 -0.18221 0.98325 
6.1 -0.172369 0.985023 
6.11 -0.162511 0.986697 
6.12 -0.152636 0.988273 
6.13 -0.142746 0.98975 
6.14 -0.132841 0.991128 
6.15 -0.122923 0.992407 
6.16 -0.112994 0.993586 
6.17 -0.103052 0.994666 
6.18 -0.0931007 0.995647 
6.19 -0.0831398 0.996528 
6.2 -0.0731706 0.99731 
6.21 -0.0631941 0.997992 
6.22 -0.0532113 0.998574 
6.23 -0.0432231 0.999056 
6.24 -0.0332307 0.999438 
6.25 -0.0232349 0.999721 
6.26 -0.0132368 0.999903 
6.27 -0.00323731 0.999985 
6.28 0.00676245 0.999968 
6.29 0.0167615 0.99985 
6.3 0.026759 0.999632 
6.31 0.0367537 0.999315 
6.32 0.0467448 0.998897 
6.33 0.0567311 0.99838 
6.34 0.0667119 0.997763 
6.35 0.0766859 0.997046 
6.36 0.0866523 0.996229 
6.37 0.09661 0.995313 
6.38 0.106558 0.994297 
6.39 0.116495 0.993182 
6.4 0.126421 0.991967 
6.41 0.136334 0.990653 
6.42 0.146234 0.98924 
6.43 0.156119 0.987729 
6.44 0.165988 0.986118 
6.45 0.17584 0.984409 
6.46 0.185676 0.982601 
6.47 0.195492 0.980696 
6.48 0.205289 0.978692 
6.49 0.215065 0.97659 
6.5 0.22482 0.974391 
6.51 0.234553 0.972094 
6.52 0.244262 0.9697 
6.53 0.253946 0.967209 
6.54 0.263605 0.964621 
6.55 0.273238 0.961937 
6.56 0.282844 0.959156 
6.57 0.292421 0.95628 
6.58 0.301969 0.953308 
6.59 0.311486 0.950241 
6.6 0.320973 0.947078 
6.61 0.330428 0.943821 
6.62 0.339849 0.94047 
6.63 0.349236 0.937025 
6.64 0.358589 0.933485 
6.65 0.367906 0.929853 
6.66 0.377186 0.926127 
6.67 0.386428 0.922309 
6.68 0.395631 0.918399 
6.69 0.404795 0.914397 
6.7 0.413919 0.910303 
6.71 0.423001 0.906119 
6.72 0.432041 0.901844 
6.73 0.441037 0.897478 
6.74 0.44999 0.893023 
6.75 0.458897 0.888479 
6.76 0.467759 0.883845 
6.77 0.476574 0.879124 
6.78 0.485341 0.874314 
6.79 0.49406 0.869417 
6.8 0.502729 0.864433 
6.81 0.511348 0.859363 
6.82 0.519916 0.854206 
6.83 0.528432 0.848965 
6.84 0.536895 0.843638 
6.85 0.545304 0.838227 
6.86 0.553659 0.832732 
6.87 0.561958 0.827154 
6.88 0.570201 0.821493 
6.89 0.578388 0.81575 
6.9 0.586516 0.809926 
6.91 0.594586 0.80402 
6.92 0.602596 0.798035 
6.93 0.610546 0.791969 
6.94 0.618435 0.785824 
6.95 0.626262 0.7796 
6.96 0.634027 0.773299 
6.97 0.641728 0.76692 
6.98 0.649365 0.760465 
6.99 0.656937 0.753933 
7 0.664443 0.747326 
7.01 0.671883 0.740645 
7.02 0.679255 0.733889 
7.03 0.68656 0.72706 
7.04 0.693796 0.720158 
7.05 0.700963 0.713184 
7.06 0.70806 0.706139 
7.07 0.715085 0.699024 
7.08 0.72204 0.691838 
7.09 0.728922 0.684583 
7.1 0.735731 0.67726 
7.11 0.742467 0.669869 
7.12 0.749128 0.662411 
7.13 0.755715 0.654887 
7.14 0.762226 0.647297 
7.15 0.76866 0.639643 
7.16 0.775018 0.631924 
7.17 0.781298 0.624143 
7.18 0.787501 0.616299 
7.19 0.793624 0.608393 
7.2 0.799668 0.600426 
7.21 0.805632 0.5924 
7.22 0.811516 0.584314 
7.23 0.817318 0.57617 
7.24 0.823039 0.567968 
7.25 0.828677 0.55971 
7.26 0.834233 0.551395 
7.27 0.839705 0.543025 
7.28 0.845093 0.534601 
7.29 0.850397 0.526124 
7.3 0.855615 0.517594 
7.31 0.860748 0.509012 
7.32 0.865795 0.500379 
7.33 0.870756 0.491697 
7.34 0.875629 0.482965 
7.35 0.880415 0.474185 
7.36 0.885112 0.465357 
7.37 0.889722 0.456483 
7.38 0.894242 0.447563 
7.39 0.898673 0.438598 
7.4 0.903014 0.42959 
7.41 0.907264 0.420538 
7.42 0.911424 0.411445 
7.43 0.915493 0.40231 
7.44 0.91947 0.393136 
7.45 0.923355 0.383922 
7.46 0.927148 0.374669 
7.47 0.930849 0.365379 
7.48 0.934456 0.356053 
7.49 0.937969 0.34669 
7.5 0.941389 0.337294 
7.51 0.944715 0.327863 
7.52 0.947946 0.3184 
7.53 0.951083 0.308905 
7.54 0.954124 0.299379 
7.55 0.95707 0.289823 
7.56 0.95992 0.280238 
7.57 0.962674 0.270625 
7.58 0.965332 0.260985 
7.59 0.967894 0.251319 
7.6 0.970358 0.241627 
7.61 0.972726 0.231912 
7.62 0.974996 0.222173 
7.63 0.977169 0.212412 
7.64 0.979244 0.20263 
7.65 0.981221 0.192828 
7.66 0.9831 0.183006 
7.67 0.984881 0.173167 
7.68 0.986563 0.163309 
7.69 0.988147 0.153436 
7.7 0.989632 0.143547 
7.71 0.991018 0.133644 
7.72 0.992304 0.123727 
7.73 0.993492 0.113798 
7.74 0.99458 0.103858 
7.75 0.995569 0.093907 
7.76 0.996458 0.0839468 
7.77 0.997248 0.0739783 
7.78 0.997937 0.0640024 
7.79 0.998527 0.0540201 
7.8 0.999017 0.0440323 
7.81 0.999408 0.0340402 
7.82 0.999698 0.0240447 
7.83 0.999888 0.0140467 
7.84 0.999979 0.00404741 
7.85 0.999969 -0.00595233 
7.86 0.999859 -0.0159515 
7.87 0.99965 -0.025949 
7.88 0.99934 -0.035944 
7.89 0.998931 -0.0459353 
7.9 0.998421 -0.0559221 
7.91 0.997812 -0.0659032 
7.92 0.997103 -0.0758778 
7.93 0.996294 -0.0858448 
7.94 0.995386 -0.0958032 
7.95 0.994378 -0.105752 
7.96 0.993271 -0.11569 
7.97 0.992064 -0.125617 
7.98 0.990758 -0.135531 
7.99 0.989353 -0.145432 
8 0.987849 -0.155318 
8.01 0.986246 -0.165188 
8.02 0.984545 -0.175042 
8.03 0.982745 -0.184878 
8.04 0.980847 -0.194696 
8.05 0.978851 -0.204495 
8.06 0.976757 -0.214273 
8.07 0.974566 -0.22403 
8.08 0.972276 -0.233764 
8.09 0.96989 -0.243475 
8.1 0.967407 -0.253161 
8.11 0.964827 -0.262822 
8.12 0.96215 -0.272457 
8.13 0.959377 -0.282065 
8.14 0.956509 -0.291644 
8.15 0.953544 -0.301194 
8.16 0.950485 -0.310715 
8.17 0.94733 -0.320204 
8.18 0.94408 -0.329661 
8.19 0.940736 -0.339085 
8.2 0.937299 -0.348475 
8.21 0.933767 -0.35783 
8.22 0.930142 -0.36715 
8.23 0.926424 -0.376433 
8.24 0.922613 -0.385678 
8.25 0.91871 -0.394884 
8.26 0.914716 -0.404052 
8.27 0.91063 -0.413178 
8.28 0.906452 -0.422264 
8.29 0.902185 -0.431307 
8.3 0.897827 -0.440307 
8.31 0.893379 -0.449263 
8.32 0.888841 -0.458174 
8.33 0.884215 -0.467039 
8.34 0.879501 -0.475858 
8.35 0.874698 -0.484629 
8.36 0.869809 -0.493351 
8.37 0.864832 -0.502025 
8.38 0.859768 -0.510648 
8.39 0.854619 -0.51922 
8.4 0.849384 -0.52774 
8.41 0.844064 -0.536207 
8.42 0.83866 -0.544621 
8.43 0.833172 -0.55298 
8.44 0.827601 -0.561284 
8.45 0.821947 -0.569531 
8.46 0.816211 -0.577722 
8.47 0.810393 -0.585855 
8.48 0.804494 -0.59393 
8.49 0.798515 -0.601945 
8.5 0.792455 -0.609899 
8.51 0.786317 -0.617793 
8.52 0.7801 -0.625625 
8.53 0.773805 -0.633395 
8.54 0.767432 -0.641101 
8.55 0.760983 -0.648743 
8.56 0.754458 -0.65632 
8.57 0.747857 -0.663832 
8.58 0.741181 -0.671277 
8.59 0.734432 -0.678655 
8.6 0.727609 -0.685965 
8.61 0.720713 -0.693207 
8.62 0.713745 -0.700379 
8.63 0.706705 -0.707481 
8.64 0.699595 -0.714513 
8.65 0.692416 -0.721473 
8.66 0.685166 -0.728361 
8.67 0.677849 -0.735176 
8.68 0.670463 -0.741918 
8.69 0.663011 -0.748585 
8.7 0.655492 -0.755177 
8.71 0.647908 -0.761694 
8.72 0.640258 -0.768135 
8.73 0.632545 -0.774499 
8.74 0.624769 -0.780786 
8.75 0.61693 -0.786994 
8.76 0.609029 -0.793124 
8.77 0.601068 -0.799175 
8.78 0.593046 -0.805145 
8.79 0.584965 -0.811035 
8.8 0.576826 -0.816844 
8.81 0.568629 -0.822572 
8.82 0.560375 -0.828217 
8.83 0.552065 -0.833779 
8.84 0.5437 -0.839258 
8.85 0.53528 -0.844652 
8.86 0.526807 -0.849963 
8.87 0.518281 -0.855188 
8.88 0.509704 -0.860328 
8.89 0.501075 -0.865382 
8.9 0.492397 -0.870349 
8.91 0.483669 -0.87523 
8.92 0.474892 -0.880023 
8.93 0.466069 -0.884727 
8.94 0.457198 -0.889344 
8.95 0.448282 -0.893871 
8.96 0.439321 -0.898309 
8.97 0.430316 -0.902657 
8.98 0.421269 -0.906915 
8.99 0.412179 -0.911083 
9 0.403047 -0.915159 
9.01 0.393876 -0.919143 
9.02 0.384665 -0.923036 
9.03 0.375416 -0.926836 
9.04 0.366129 -0.930544 
9.05 0.356805 -0.934159 
9.06 0.347446 -0.93768 
9.07 0.338052 -0.941108 
9.08 0.328624 -0.944441 
9.09 0.319164 -0.94768 
9.1 0.309671 -0.950824 
9.11 0.300148 -0.953873 
9.12 0.290594 -0.956827 
9.13 0.281012 -0.959685 
9.14 0.271401 -0.962447 
9.15 0.261763 -0.965113 
9.16 0.252099 -0.967682 
9.17 0.24241 -0.970155 
9.18 0.232697 -0.97253 
9.19 0.22296 -0.974808 
9.2 0.213201 -0.976989 
9.21 0.203421 -0.979072 
9.22 0.19362 -0.981058 
9.23 0.1838 -0.982945 
9.24 0.173962 -0.984733 
9.25 0.164106 -0.986424 
9.26 0.154234 -0.988015 
9.27 0.144346 -0.989508 
9.28 0.134444 -0.990902 
9.29 0.124528 -0.992197 
9.3 0.114601 -0.993393 
9.31 0.104661 -0.994489 
9.32 0.0947113 -0.995486 
9.33 0.0847519 -0.996383 
9.34 0.0747841 -0.997181 
9.35 0.0648088 -0.997879 
9.36 0.054827 -0.998477 
9.37 0.0448398 -0.998975 
9.38 0.034848 -0.999374 
9.39 0.0248528 -0.999672 
9.4 0.0148551 -0.999871 
9.41 0.00485586 -0.999969 
9.42 -0.00514382 -0.999968 
9.43 -0.015143 -0.999867 
9.44 -0.0251407 -0.999665 
9.45 -0.0351358 -0.999364 
9.46 -0.0451274 -0.998962 
9.47 -0.0551145 -0.998461 
9.48 -0.0650962 -0.99786 
9.49 -0.0750713 -0.997159 
9.5 -0.0850388 -0.996359 
9.51 -0.0949979 -0.995459 
9.52 -0.104948 -0.994459 
9.53 -0.114887 -0.99336 
9.54 -0.124814 -0.992161 
9.55 -0.134729 -0.990863 
9.56 -0.144631 -0.989467 
9.57 -0.154518 -0.987971 
9.58 -0.16439 -0.986376 
9.59 -0.174245 -0.984683 
9.6 -0.184083 -0.982892 
9.61 -0.193903 -0.981002 
9.62 -0.203703 -0.979014 
9.63 -0.213482 -0.976928 
9.64 -0.223241 -0.974744 
9.65 -0.232977 -0.972463 
9.66 -0.242689 -0.970085 
9.67 -0.252378 -0.967609 
9.68 -0.262041 -0.965037 
9.69 -0.271678 -0.962369 
9.7 -0.281288 -0.959604 
9.71 -0.29087 -0.956743 
9.72 -0.300422 -0.953787 
9.73 -0.309945 -0.950735 
9.74 -0.319437 -0.947588 
9.75 -0.328896 -0.944346 
9.76 -0.338323 -0.94101 
9.77 -0.347716 -0.93758 
9.78 -0.357074 -0.934056 
9.79 -0.366397 -0.930439 
9.8 -0.375683 -0.926728 
9.81 -0.384931 -0.922925 
9.82 -0.394141 -0.91903 
9.83 -0.403311 -0.915042 
9.84 -0.412441 -0.910964 
9.85 -0.42153 -0.906794 
9.86 -0.430576 -0.902533 
9.87 -0.43958 -0.898183 
9.88 -0.44854 -0.893742 
9.89 -0.457454 -0.889212 
9.9 -0.466323 -0.884593 
9.91 -0.475146 -0.879886 
9.92 -0.483921 -0.87509 
9.93 -0.492647 -0.870208 
9.94 -0.501324 -0.865238 
9.95 -0.509951 -0.860181 
9.96 -0.518528 -0.855039 
9.97 -0.527052 -0.849811 
9.98 -0.535523 -0.844498 
9.99 -0.543941 -0.839101 
