0 0.02 0.9998 
0.02 0.059976 0.9982 
0.06 0.13964 0.990208 
0.14 0.179137 0.98383 
0.18 0.25727 0.966351 
0.26 0.295718 0.955287 
0.3 0.371195 0.928573 
0.38 0.408041 0.912982 
0.42 0.479774 0.877417 
0.5 0.514486 0.857524 
0.54 0.581442 0.813621 
0.62 0.613522 0.789713 
0.66 0.674735 0.738104 
0.74 0.70372 0.710524 
0.78 0.75831 0.651953 
0.86 0.783781 0.621099 
0.9 0.830961 0.556409 
0.98 0.852553 0.522725 
1.02 0.891643 0.452848 
1.1 0.909043 0.41682 
1.14 0.93948 0.342763 
1.22 0.952439 0.30491 
1.26 0.973784 0.227739 
1.34 0.982114 0.188605 
1.38 0.99406 0.109433 
1.46 0.997642 0.0695827 
1.5 1.00002 -0.0104514 
1.58 0.998798 -0.0504436 
1.62 0.991566 -0.130186 
1.7 0.985566 -0.169745 
1.74 0.968832 -0.248047 
1.82 0.958135 -0.286602 
1.86 0.932141 -0.362335 
1.94 0.916902 -0.399331 
1.98 0.882022 -0.471405 
2.06 0.86246 -0.506309 
2.1 0.819195 -0.573686 
2.18 0.795592 -0.605994 
2.22 0.744567 -0.667703 
2.3 0.717263 -0.696951 
2.34 0.659212 -0.752102 
2.42 0.6286 -0.777869 
2.46 0.564359 -0.825668 
2.54 0.530881 -0.847582 
2.58 0.461376 -0.88734 
2.66 0.425513 -0.905085 
2.7 0.351745 -0.93623 
2.78 0.314014 -0.94955 
2.82 0.237045 -0.971633 
2.9 0.19799 -0.980338 
2.94 0.11893 -0.99304 
3.02 0.079113 -0.997002 
3.06 -0.000900404 -1.00014 
3.14 -0.0409053 -0.999305 
3.18 -0.120719 -0.992835 
3.26 -0.160336 -0.987212 
3.3 -0.2388 -0.971226 
3.38 -0.277457 -0.960897 
3.42 -0.353441 -0.935625 
3.5 -0.390584 -0.920739 
3.54 -0.462993 -0.886546 
3.62 -0.498084 -0.867317 
3.66 -0.565876 -0.824695 
3.74 -0.598411 -0.8014 
3.78 -0.660608 -0.750963 
3.86 -0.690118 -0.723938 
3.9 -0.745825 -0.666412 
3.98 -0.771885 -0.636046 
4.02 -0.820298 -0.57226 
4.1 -0.842532 -0.53899 
4.14 -0.882955 -0.469862 
4.22 -0.901044 -0.434168 
4.26 -0.932894 -0.360695 
4.34 -0.946575 -0.323091 
4.38 -0.969393 -0.246331 
4.46 -0.978471 -0.207358 
4.5 -0.991929 -0.128417 
4.58 -0.996272 -0.0886374 
4.62 -1.00017 -0.00865198 
4.7 -0.999721 0.0313619 
4.74 -0.994013 0.111239 
4.82 -0.988768 0.150911 
4.86 -0.973531 0.229529 
4.94 -0.963571 0.268287 
4.98 -0.939025 0.344514 
5.06 -0.924493 0.381799 
5.1 -0.89099 0.454537 
5.18 -0.872096 0.489813 
5.22 -0.83012 0.558013 
5.3 -0.807136 0.590772 
5.34 -0.757291 0.653452 
5.42 -0.730547 0.683221 
5.46 -0.673552 0.739479 
5.54 -0.643434 0.765829 
5.58 -0.580109 0.814853 
5.66 -0.54705 0.837406 
5.7 -0.478307 0.87849 
5.78 -0.442785 0.896919 
5.82 -0.369615 0.929472 
5.9 -0.33214 0.943513 
5.94 -0.255596 0.967065 
6.02 -0.216709 0.976515 
6.06 -0.137894 0.990727 
6.14 -0.098155 0.99545 
6.18 -0.0182049 1.00012 
6.26 0.0218143 1.00005 
6.3 0.101748 0.9951 
6.38 0.141471 0.990234 
6.42 0.220237 0.975748 
6.5 0.25909 0.966158 
6.54 0.335554 0.942339 
6.62 0.372979 0.928163 
6.66 0.446039 0.895354 
6.74 0.481496 0.876796 
6.78 0.550099 0.835471 
6.86 0.583078 0.812799 
6.9 0.646236 0.763551 
6.98 0.676261 0.737091 
7.02 0.733064 0.680632 
7.1 0.759703 0.650765 
7.14 0.809333 0.587906 
7.22 0.832202 0.555062 
7.26 0.873944 0.48671 
7.34 0.892713 0.451363 
7.38 0.925965 0.378501 
7.46 0.940364 0.34116 
7.5 0.964648 0.264839 
7.58 0.97447 0.226041 
7.62 0.989435 0.14736 
7.7 0.994538 0.107665 
7.74 0.999969 0.0277576 
7.82 1.00028 -0.0122634 
7.86 0.996097 -0.0922465 
7.94 0.99161 -0.132017 
7.98 0.977876 -0.210923 
8.06 0.968656 -0.249869 
8.1 0.945567 -0.326562 
8.18 0.931748 -0.364124 
8.22 0.899637 -0.437498 
8.3 0.881417 -0.473134 
8.34 0.840746 -0.542133 
8.42 0.818388 -0.575329 
8.46 0.769743 -0.638959 
8.54 0.743569 -0.669238 
8.58 0.68765 -0.726582 
8.66 0.658037 -0.753506 
8.7 0.595651 -0.803738 
8.78 0.563025 -0.826921 
8.82 0.495069 -0.869317 
8.9 0.4599 -0.888424 
8.94 0.387355 -0.922373 
9.02 0.35015 -0.93713 
9.06 0.274059 -0.962143 
9.14 0.235354 -0.972335 
9.18 0.156814 -0.988052 
9.26 0.117167 -0.993534 
9.3 0.037309 -0.999728 
9.38 -0.00270997 -1.00042 
9.42 -0.082735 -0.997003 
9.5 -0.122549 -0.992896 
9.54 -0.201588 -0.979915 
9.62 -0.240624 -0.971067 
9.66 -0.317539 -0.94871 
9.74 -0.355234 -0.935249 
9.78 -0.428917 -0.903838 
9.86 -0.464727 -0.885958 
9.9 -0.534117 -0.845945 
9.98 -0.567527 -0.823904 
