0 0.009999 0.999901 
0.01 0.019996 0.999702 
0.02 0.02999 0.999403 
0.03 0.0399801 0.999004 
0.04 0.0499651 0.998506 
0.05 0.0599442 0.997907 
0.06 0.0699162 0.997209 
0.07 0.0798803 0.996411 
0.08 0.0898355 0.995513 
0.09 0.0997806 0.994517 
0.1 0.109715 0.99342 
0.11 0.119637 0.992225 
0.12 0.129546 0.99093 
0.13 0.139442 0.989537 
0.14 0.149322 0.988044 
0.15 0.159187 0.986453 
0.16 0.169034 0.984764 
0.17 0.178864 0.982976 
0.18 0.188675 0.98109 
0.19 0.198466 0.979106 
0.2 0.208236 0.977025 
0.21 0.217984 0.974846 
0.22 0.22771 0.972569 
0.23 0.237412 0.970196 
0.24 0.247089 0.967726 
0.25 0.256741 0.965159 
0.26 0.266366 0.962496 
0.27 0.275963 0.959737 
0.28 0.285532 0.956883 
0.29 0.295071 0.953933 
0.3 0.30458 0.950887 
0.31 0.314057 0.947748 
0.32 0.323502 0.944513 
0.33 0.332914 0.941185 
0.34 0.342292 0.937763 
0.35 0.351634 0.934247 
0.36 0.36094 0.930638 
0.37 0.37021 0.926937 
0.38 0.379441 0.923143 
0.39 0.388634 0.919257 
0.4 0.397786 0.91528 
0.41 0.406898 0.911211 
0.42 0.415969 0.907052 
0.43 0.424997 0.902803 
0.44 0.433981 0.898464 
0.45 0.442921 0.894035 
0.46 0.451816 0.889517 
0.47 0.460665 0.884911 
0.48 0.469468 0.880217 
0.49 0.478222 0.875435 
0.5 0.486927 0.870567 
0.51 0.495583 0.865611 
0.52 0.504189 0.86057 
0.53 0.512743 0.855443 
0.54 0.521245 0.850231 
0.55 0.529694 0.844935 
0.56 0.53809 0.839554 
0.57 0.546431 0.83409 
0.58 0.554716 0.828544 
0.59 0.562945 0.822915 
0.6 0.571117 0.817204 
0.61 0.579231 0.811412 
0.62 0.587286 0.805539 
0.63 0.595281 0.799587 
0.64 0.603217 0.793555 
0.65 0.611091 0.787445 
0.66 0.618903 0.781256 
0.67 0.626653 0.77499 
0.68 0.634339 0.768647 
0.69 0.641961 0.762228 
0.7 0.649518 0.755733 
0.71 0.65701 0.749163 
0.72 0.664435 0.742519 
0.73 0.671792 0.735801 
0.74 0.679082 0.729011 
0.75 0.686303 0.722148 
0.76 0.693455 0.715214 
0.77 0.700537 0.708209 
0.78 0.707548 0.701134 
0.79 0.714488 0.693989 
0.8 0.721355 0.686776 
0.81 0.72815 0.679495 
0.82 0.734871 0.672146 
0.83 0.741518 0.664731 
0.84 0.74809 0.657251 
0.85 0.754587 0.649705 
0.86 0.761007 0.642095 
0.87 0.767351 0.634422 
0.88 0.773618 0.626686 
0.89 0.779806 0.618888 
0.9 0.785916 0.611029 
0.91 0.791947 0.60311 
0.92 0.797898 0.595131 
0.93 0.803768 0.587094 
0.94 0.809558 0.578998 
0.95 0.815266 0.570846 
0.96 0.820892 0.562637 
0.97 0.826435 0.554373 
0.98 0.831895 0.546054 
0.99 0.837271 0.537681 
1 0.842563 0.529256 
1.01 0.847771 0.520778 
1.02 0.852893 0.51225 
1.03 0.857929 0.50367 
1.04 0.862879 0.495042 
1.05 0.867742 0.486365 
1.06 0.872518 0.477639 
1.07 0.877206 0.468868 
1.08 0.881806 0.46005 
1.09 0.886317 0.451186 
1.1 0.89074 0.442279 
1.11 0.895072 0.433329 
1.12 0.899315 0.424336 
1.13 0.903467 0.415301 
1.14 0.907529 0.406226 
1.15 0.9115 0.397111 
1.16 0.915379 0.387957 
1.17 0.919166 0.378766 
1.18 0.92286 0.369537 
1.19 0.926462 0.360272 
1.2 0.929972 0.350973 
1.21 0.933387 0.341639 
1.22 0.936709 0.332272 
1.23 0.939937 0.322873 
1.24 0.943071 0.313442 
1.25 0.94611 0.303981 
1.26 0.949054 0.29449 
1.27 0.951903 0.284971 
1.28 0.954657 0.275425 
1.29 0.957315 0.265852 
1.3 0.959877 0.256253 
1.31 0.962339 0.246554 
1.32 0.964705 0.236831 
1.33 0.966973 0.227084 
1.34 0.969144 0.217314 
1.35 0.971217 0.207523 
1.36 0.973192 0.19771 
1.37 0.975069 0.187879 
1.38 0.976848 0.178028 
1.39 0.978528 0.168159 
1.4 0.98011 0.158274 
1.41 0.981593 0.148373 
1.42 0.982976 0.138457 
1.43 0.984261 0.128527 
1.44 0.985446 0.118585 
1.45 0.986532 0.10863 
1.46 0.987518 0.0986649 
1.47 0.988405 0.0886898 
1.48 0.989192 0.0787057 
1.49 0.989879 0.0687138 
1.5 0.990466 0.058715 
1.51 0.990953 0.0487103 
1.52 0.99134 0.0387008 
1.53 0.991627 0.0286874 
1.54 0.991814 0.0186711 
1.55 0.991901 0.00865299 
1.56 0.991887 -0.00136602 
1.57 0.991774 -0.0113849 
1.58 0.99156 -0.0214026 
1.59 0.991246 -0.0314182 
1.6 0.990832 -0.0414307 
1.61 0.990317 -0.051439 
1.62 0.989703 -0.0614422 
1.63 0.988989 -0.0714392 
1.64 0.988174 -0.0814291 
1.65 0.98726 -0.0914108 
1.66 0.986246 -0.101383 
1.67 0.985132 -0.111346 
1.68 0.983919 -0.121297 
1.69 0.982606 -0.131236 
1.7 0.981193 -0.141162 
1.71 0.979682 -0.151074 
1.72 0.978071 -0.160971 
1.73 0.976361 -0.170852 
1.74 0.974553 -0.180716 
1.75 0.972645 -0.190561 
1.76 0.97064 -0.200388 
1.77 0.968536 -0.210194 
1.78 0.966334 -0.219979 
1.79 0.964034 -0.229743 
1.8 0.961637 -0.239483 
1.81 0.959142 -0.249199 
1.82 0.95655 -0.258891 
1.83 0.953864 -0.268429 
1.84 0.951084 -0.27794 
1.85 0.948208 -0.287422 
1.86 0.945238 -0.296875 
1.87 0.942174 -0.306296 
1.88 0.939016 -0.315686 
1.89 0.935764 -0.325044 
1.9 0.932419 -0.334368 
1.91 0.928981 -0.343658 
1.92 0.925451 -0.352912 
1.93 0.921828 -0.36213 
1.94 0.918113 -0.371312 
1.95 0.914307 -0.380455 
1.96 0.91041 -0.389559 
1.97 0.906423 -0.398623 
1.98 0.902345 -0.407646 
1.99 0.898177 -0.416628 
2 0.89392 -0.425567 
2.01 0.889574 -0.434463 
2.02 0.88514 -0.443314 
2.03 0.880617 -0.45212 
2.04 0.876007 -0.46088 
2.05 0.871309 -0.469593 
2.06 0.866525 -0.478258 
2.07 0.861655 -0.486874 
2.08 0.856699 -0.495441 
2.09 0.851658 -0.503958 
2.1 0.846532 -0.512423 
2.11 0.841322 -0.520836 
2.12 0.836029 -0.529196 
2.13 0.830652 -0.537502 
2.14 0.825193 -0.545754 
2.15 0.819652 -0.553951 
2.16 0.81403 -0.562091 
2.17 0.808326 -0.570174 
2.18 0.802543 -0.578199 
2.19 0.79668 -0.586166 
2.2 0.790737 -0.594073 
2.21 0.784716 -0.60192 
2.22 0.778618 -0.609706 
2.23 0.772442 -0.61743 
2.24 0.766189 -0.625092 
2.25 0.759861 -0.63269 
2.26 0.753457 -0.640224 
2.27 0.746978 -0.647694 
2.28 0.740426 -0.655098 
2.29 0.7338 -0.662436 
2.3 0.727101 -0.669706 
2.31 0.72033 -0.676909 
2.32 0.713488 -0.684044 
2.33 0.706575 -0.69111 
2.34 0.699592 -0.698105 
2.35 0.69254 -0.70503 
2.36 0.68542 -0.711884 
2.37 0.678231 -0.718666 
2.38 0.670976 -0.725376 
2.39 0.663654 -0.732012 
2.4 0.656267 -0.738574 
2.41 0.648814 -0.745062 
2.42 0.641298 -0.751475 
2.43 0.633718 -0.757812 
2.44 0.626075 -0.764072 
2.45 0.618371 -0.770255 
2.46 0.610606 -0.776361 
2.47 0.60278 -0.782388 
2.48 0.594895 -0.788337 
2.49 0.586951 -0.794206 
2.5 0.578949 -0.799995 
2.51 0.57089 -0.805704 
2.52 0.562775 -0.811331 
2.53 0.554605 -0.816877 
2.54 0.546379 -0.82234 
2.55 0.5381 -0.82772 
2.56 0.529768 -0.833018 
2.57 0.521384 -0.838231 
2.58 0.512949 -0.84336 
2.59 0.504463 -0.848404 
2.6 0.495927 -0.853363 
2.61 0.487343 -0.858236 
2.62 0.478711 -0.863023 
2.63 0.470032 -0.867722 
2.64 0.461307 -0.872335 
2.65 0.452536 -0.87686 
2.66 0.443721 -0.881296 
2.67 0.434863 -0.885645 
2.68 0.425962 -0.889904 
2.69 0.41702 -0.894073 
2.7 0.408036 -0.898153 
2.71 0.399013 -0.902143 
2.72 0.38995 -0.906042 
2.73 0.38085 -0.909849 
2.74 0.371712 -0.913566 
2.75 0.362539 -0.917191 
2.76 0.353329 -0.920723 
2.77 0.344086 -0.924164 
2.78 0.334809 -0.927511 
2.79 0.325499 -0.930765 
2.8 0.316158 -0.933926 
2.81 0.306786 -0.936993 
2.82 0.297385 -0.939967 
2.83 0.287954 -0.942845 
2.84 0.278496 -0.94563 
2.85 0.269011 -0.948319 
2.86 0.2595 -0.950913 
2.87 0.249964 -0.953412 
2.88 0.240403 -0.955816 
2.89 0.23082 -0.958123 
2.9 0.221215 -0.960334 
2.91 0.211589 -0.96245 
2.92 0.201942 -0.964468 
2.93 0.192276 -0.96639 
2.94 0.182592 -0.968215 
2.95 0.17289 -0.969943 
2.96 0.163173 -0.971574 
2.97 0.15344 -0.973108 
2.98 0.143692 -0.974544 
2.99 0.133931 -0.975882 
3 0.124158 -0.977123 
3.01 0.114374 -0.978266 
3.02 0.104578 -0.979311 
3.03 0.0947739 -0.980258 
3.04 0.0849608 -0.981106 
3.05 0.0751403 -0.981857 
3.06 0.0653132 -0.982509 
3.07 0.0554806 -0.983063 
3.08 0.0456434 -0.983519 
3.09 0.0358026 -0.983876 
3.1 0.0259593 -0.984134 
3.11 0.0161144 -0.984294 
3.12 0.0062688 -0.984356 
3.13 -0.00357639 -0.984319 
3.14 -0.0134202 -0.984184 
3.15 -0.0232617 -0.983951 
3.16 -0.0330999 -0.983619 
3.17 -0.0429338 -0.983188 
3.18 -0.0527624 -0.98266 
3.19 -0.0625847 -0.982033 
3.2 -0.0723998 -0.981308 
3.21 -0.0822066 -0.980485 
3.22 -0.0920042 -0.979563 
3.23 -0.101792 -0.978544 
3.24 -0.111568 -0.977428 
3.25 -0.121332 -0.976213 
3.26 -0.131083 -0.974901 
3.27 -0.14082 -0.973492 
3.28 -0.150542 -0.971985 
3.29 -0.160248 -0.970382 
3.3 -0.169936 -0.968681 
3.31 -0.179607 -0.966884 
3.32 -0.189259 -0.96499 
3.33 -0.198891 -0.963 
3.34 -0.208502 -0.960914 
3.35 -0.218091 -0.958732 
3.36 -0.227658 -0.956454 
3.37 -0.237201 -0.954081 
3.38 -0.246719 -0.951612 
3.39 -0.256211 -0.949049 
3.4 -0.265677 -0.946391 
3.41 -0.275115 -0.943639 
3.42 -0.284525 -0.940792 
3.43 -0.293906 -0.937852 
3.44 -0.303256 -0.934818 
3.45 -0.312575 -0.931691 
3.46 -0.321861 -0.928471 
3.47 -0.331115 -0.925159 
3.48 -0.340334 -0.921754 
3.49 -0.349519 -0.918257 
3.5 -0.358668 -0.914669 
3.51 -0.367779 -0.91099 
3.52 -0.376854 -0.90722 
3.53 -0.385889 -0.90336 
3.54 -0.394885 -0.89941 
3.55 -0.403841 -0.89537 
3.56 -0.412755 -0.891241 
3.57 -0.421627 -0.887023 
3.58 -0.430456 -0.882717 
3.59 -0.439241 -0.878324 
3.6 -0.447982 -0.873842 
3.61 -0.456676 -0.869274 
3.62 -0.465324 -0.864619 
3.63 -0.473925 -0.859879 
3.64 -0.482477 -0.855053 
3.65 -0.490981 -0.850141 
3.66 -0.499434 -0.845145 
3.67 -0.507837 -0.840066 
3.68 -0.516187 -0.834902 
3.69 -0.524486 -0.829656 
3.7 -0.532731 -0.824327 
3.71 -0.540922 -0.818916 
3.72 -0.549058 -0.813424 
3.73 -0.557138 -0.807851 
3.74 -0.565162 -0.802198 
3.75 -0.573129 -0.796465 
3.76 -0.581037 -0.790653 
3.77 -0.588886 -0.784763 
3.78 -0.596676 -0.778795 
3.79 -0.604405 -0.772749 
3.8 -0.612073 -0.766627 
3.81 -0.619679 -0.760428 
3.82 -0.627223 -0.754154 
3.83 -0.634703 -0.747806 
3.84 -0.642118 -0.741383 
3.85 -0.649469 -0.734887 
3.86 -0.656754 -0.728317 
3.87 -0.663972 -0.721676 
3.88 -0.671124 -0.714963 
3.89 -0.678207 -0.708179 
3.9 -0.685222 -0.701326 
3.91 -0.692168 -0.694402 
3.92 -0.699044 -0.68741 
3.93 -0.705849 -0.68035 
3.94 -0.712583 -0.673222 
3.95 -0.719245 -0.666028 
3.96 -0.725834 -0.658768 
3.97 -0.73235 -0.651443 
3.98 -0.738792 -0.644053 
3.99 -0.74516 -0.6366 
4 -0.751452 -0.629084 
4.01 -0.757669 -0.621505 
4.02 -0.763809 -0.613865 
4.03 -0.769873 -0.606165 
4.04 -0.775858 -0.598405 
4.05 -0.781766 -0.590585 
4.06 -0.787595 -0.582707 
4.07 -0.793344 -0.574772 
4.08 -0.799013 -0.56678 
4.09 -0.804602 -0.558733 
4.1 -0.81011 -0.55063 
4.11 -0.815536 -0.542472 
4.12 -0.82088 -0.534262 
4.13 -0.826142 -0.525999 
4.14 -0.83132 -0.517684 
4.15 -0.836415 -0.509318 
4.16 -0.841426 -0.500902 
4.17 -0.846351 -0.492436 
4.18 -0.851192 -0.483922 
4.19 -0.855947 -0.475361 
4.2 -0.860616 -0.466753 
4.21 -0.865199 -0.458099 
4.22 -0.869694 -0.4494 
4.23 -0.874102 -0.440658 
4.24 -0.878422 -0.431872 
4.25 -0.882654 -0.423043 
4.26 -0.886797 -0.414173 
4.27 -0.890852 -0.405263 
4.28 -0.894816 -0.396313 
4.29 -0.898691 -0.387324 
4.3 -0.902475 -0.378297 
4.31 -0.906169 -0.369234 
4.32 -0.909772 -0.360134 
4.33 -0.913283 -0.350999 
4.34 -0.916703 -0.341831 
4.35 -0.92003 -0.332628 
4.36 -0.923265 -0.323394 
4.37 -0.926408 -0.314128 
4.38 -0.929458 -0.304831 
4.39 -0.932414 -0.295505 
4.4 -0.935277 -0.286151 
4.41 -0.938046 -0.276768 
4.42 -0.940721 -0.267359 
4.43 -0.943301 -0.257924 
4.44 -0.945787 -0.248464 
4.45 -0.948178 -0.238981 
4.46 -0.950474 -0.229474 
4.47 -0.952675 -0.219945 
4.48 -0.95478 -0.210395 
4.49 -0.95679 -0.200826 
4.5 -0.958703 -0.191237 
4.51 -0.960521 -0.181629 
4.52 -0.962242 -0.172005 
4.53 -0.963867 -0.162364 
4.54 -0.965395 -0.152709 
4.55 -0.966827 -0.143038 
4.56 -0.968161 -0.133355 
4.57 -0.969399 -0.123659 
4.58 -0.97054 -0.113951 
4.59 -0.971583 -0.104234 
4.6 -0.972529 -0.0945064 
4.61 -0.973378 -0.0847707 
4.62 -0.974129 -0.0750274 
4.63 -0.974783 -0.0652776 
4.64 -0.97534 -0.0555222 
4.65 -0.975798 -0.0457623 
4.66 -0.976159 -0.0359987 
4.67 -0.976423 -0.0262325 
4.68 -0.976588 -0.0164647 
4.69 -0.976656 -0.00669616 
4.7 -0.976627 0.00307207 
4.71 -0.976499 0.012839 
4.72 -0.976274 0.0226037 
4.73 -0.975952 0.0323652 
4.74 -0.975531 0.0421225 
4.75 -0.975014 0.0518746 
4.76 -0.974398 0.0616206 
4.77 -0.973686 0.0713594 
4.78 -0.972876 0.0810901 
4.79 -0.971969 0.0908117 
4.8 -0.970964 0.100523 
4.81 -0.969863 0.110224 
4.82 -0.968665 0.119913 
4.83 -0.96737 0.129588 
4.84 -0.965978 0.13925 
4.85 -0.96449 0.148897 
4.86 -0.962906 0.158528 
4.87 -0.961225 0.168142 
4.88 -0.959448 0.177738 
4.89 -0.957576 0.187316 
4.9 -0.955608 0.196874 
4.91 -0.953545 0.206412 
4.92 -0.951386 0.215927 
4.93 -0.949133 0.225421 
4.94 -0.946785 0.23489 
4.95 -0.944342 0.244336 
4.96 -0.941805 0.253756 
4.97 -0.939175 0.263149 
4.98 -0.93645 0.272516 
4.99 -0.933633 0.281854 
5 -0.930722 0.291163 
5.01 -0.927718 0.300442 
5.02 -0.924622 0.309691 
5.03 -0.921433 0.318907 
5.04 -0.918153 0.32809 
5.05 -0.914781 0.33724 
5.06 -0.911319 0.346355 
5.07 -0.907765 0.355435 
5.08 -0.904121 0.364478 
5.09 -0.900387 0.373483 
5.1 -0.896563 0.382451 
5.11 -0.89265 0.391379 
5.12 -0.888647 0.400268 
5.13 -0.884557 0.409115 
5.14 -0.880378 0.417921 
5.15 -0.876112 0.426684 
5.16 -0.871759 0.435403 
5.17 -0.867318 0.444078 
5.18 -0.862792 0.452708 
5.19 -0.85818 0.461292 
5.2 -0.853482 0.469828 
5.21 -0.848699 0.478317 
5.22 -0.843832 0.486757 
5.23 -0.838881 0.495148 
5.24 -0.833847 0.503488 
5.25 -0.82873 0.511777 
5.26 -0.82353 0.520015 
5.27 -0.818248 0.528199 
5.28 -0.812886 0.53633 
5.29 -0.807442 0.544406 
5.3 -0.801918 0.552427 
5.31 -0.796315 0.560392 
5.32 -0.790632 0.5683 
5.33 -0.784871 0.57615 
5.34 -0.779032 0.583942 
5.35 -0.773116 0.591675 
5.36 -0.767123 0.599348 
5.37 -0.761054 0.606961 
5.38 -0.754909 0.614511 
5.39 -0.748689 0.622 
5.4 -0.742395 0.629426 
5.41 -0.736028 0.636788 
5.42 -0.729587 0.644085 
5.43 -0.723075 0.651318 
5.44 -0.71649 0.658484 
5.45 -0.709835 0.665584 
5.46 -0.703109 0.672617 
5.47 -0.696313 0.679582 
5.48 -0.689449 0.686478 
5.49 -0.682516 0.693305 
5.5 -0.675516 0.700062 
5.51 -0.668449 0.706748 
5.52 -0.661315 0.713363 
5.53 -0.654117 0.719906 
5.54 -0.646853 0.726376 
5.55 -0.639526 0.732773 
5.56 -0.632135 0.739096 
5.57 -0.624682 0.745344 
5.58 -0.617167 0.751517 
5.59 -0.609591 0.757615 
5.6 -0.601955 0.763636 
5.61 -0.594259 0.76958 
5.62 -0.586505 0.775447 
5.63 -0.578693 0.781235 
5.64 -0.570824 0.786945 
5.65 -0.562898 0.792576 
5.66 -0.554917 0.798127 
5.67 -0.546881 0.803597 
5.68 -0.538792 0.808986 
5.69 -0.530649 0.814294 
5.7 -0.522454 0.81952 
5.71 -0.514208 0.824664 
5.72 -0.50591 0.829725 
5.73 -0.497564 0.834702 
5.74 -0.489168 0.839595 
5.75 -0.480724 0.844404 
5.76 -0.472233 0.849127 
5.77 -0.463695 0.853766 
5.78 -0.455112 0.858318 
5.79 -0.446485 0.862785 
5.8 -0.437813 0.867164 
5.81 -0.429099 0.871457 
5.82 -0.420342 0.875662 
5.83 -0.411545 0.879778 
5.84 -0.402707 0.883807 
5.85 -0.393829 0.887747 
5.86 -0.384913 0.891597 
5.87 -0.37596 0.895358 
5.88 -0.36697 0.899029 
5.89 -0.357944 0.90261 
5.9 -0.348883 0.9061 
5.91 -0.339788 0.909499 
5.92 -0.33066 0.912807 
5.93 -0.3215 0.916024 
5.94 -0.312309 0.919148 
5.95 -0.303087 0.92218 
5.96 -0.293836 0.92512 
5.97 -0.284556 0.927967 
5.98 -0.275249 0.93072 
5.99 -0.265915 0.933381 
6 -0.256556 0.935948 
6.01 -0.247172 0.938421 
6.02 -0.237764 0.940799 
6.03 -0.228333 0.943084 
6.04 -0.21888 0.945274 
6.05 -0.209407 0.947369 
6.06 -0.199913 0.94937 
6.07 -0.1904 0.951275 
6.08 -0.18087 0.953085 
6.09 -0.171322 0.954799 
6.1 -0.161758 0.956418 
6.11 -0.152178 0.957941 
6.12 -0.142585 0.959368 
6.13 -0.132978 0.960699 
6.14 -0.123358 0.961933 
6.15 -0.113728 0.963072 
6.16 -0.104087 0.964114 
6.17 -0.0944361 0.965059 
6.18 -0.0847771 0.965908 
6.19 -0.0751105 0.96666 
6.2 -0.0654374 0.967316 
6.21 -0.0557587 0.967874 
6.22 -0.0460754 0.968336 
6.23 -0.0363884 0.968701 
6.24 -0.0266988 0.968969 
6.25 -0.0170074 0.96914 
6.26 -0.00731531 0.969214 
6.27 0.00237656 0.969192 
6.28 0.0120672 0.969072 
6.29 0.0217558 0.968855 
6.3 0.0314411 0.968542 
6.31 0.0411224 0.968132 
6.32 0.0507986 0.967625 
6.33 0.0604688 0.967021 
6.34 0.0701319 0.96632 
6.35 0.0797871 0.965523 
6.36 0.0894334 0.96463 
6.37 0.0990697 0.96364 
6.38 0.108695 0.962554 
6.39 0.118309 0.961372 
6.4 0.12791 0.960094 
6.41 0.137497 0.95872 
6.42 0.147069 0.95725 
6.43 0.156626 0.955684 
6.44 0.166166 0.954024 
6.45 0.175689 0.952267 
6.46 0.185193 0.950416 
6.47 0.194678 0.94847 
6.48 0.204142 0.94643 
6.49 0.213585 0.944295 
6.5 0.223005 0.942065 
6.51 0.232403 0.939742 
6.52 0.241776 0.937325 
6.53 0.251124 0.934815 
6.54 0.260446 0.932211 
6.55 0.269741 0.929514 
6.56 0.279008 0.926725 
6.57 0.288247 0.923843 
6.58 0.297455 0.920869 
6.59 0.306633 0.917804 
6.6 0.31578 0.914647 
6.61 0.324893 0.911398 
6.62 0.333974 0.908059 
6.63 0.34302 0.90463 
6.64 0.352031 0.90111 
6.65 0.361006 0.897501 
6.66 0.369944 0.893802 
6.67 0.378844 0.890014 
6.68 0.387705 0.886138 
6.69 0.396527 0.882173 
6.7 0.405308 0.87812 
6.71 0.414048 0.87398 
6.72 0.422745 0.869754 
6.73 0.431399 0.86544 
6.74 0.44001 0.861041 
6.75 0.448575 0.856555 
6.76 0.457095 0.851985 
6.77 0.465568 0.84733 
6.78 0.473994 0.84259 
6.79 0.482371 0.837767 
6.8 0.490699 0.832861 
6.81 0.498978 0.827872 
6.82 0.507206 0.8228 
6.83 0.515382 0.817647 
6.84 0.523506 0.812412 
6.85 0.531577 0.807097 
6.86 0.539594 0.801701 
6.87 0.547556 0.796226 
6.88 0.555462 0.790672 
6.89 0.563312 0.785039 
6.9 0.571105 0.779329 
6.91 0.578841 0.773541 
6.92 0.586517 0.767676 
6.93 0.594134 0.761735 
6.94 0.601691 0.755718 
6.95 0.609187 0.749627 
6.96 0.616621 0.743461 
6.97 0.623993 0.737222 
6.98 0.631302 0.730909 
6.99 0.638547 0.724524 
7 0.645728 0.718067 
7.01 0.652843 0.711539 
7.02 0.659892 0.70494 
7.03 0.666874 0.698272 
7.04 0.673789 0.691534 
7.05 0.680636 0.684728 
7.06 0.687414 0.677854 
7.07 0.694123 0.670913 
7.08 0.700762 0.663906 
7.09 0.70733 0.656833 
7.1 0.713827 0.649695 
7.11 0.720251 0.642493 
7.12 0.726603 0.635227 
7.13 0.732882 0.627899 
7.14 0.739086 0.620508 
7.15 0.745216 0.613056 
7.16 0.751272 0.605544 
7.17 0.757251 0.597971 
7.18 0.763154 0.59034 
7.19 0.76898 0.58265 
7.2 0.774729 0.574903 
7.21 0.780399 0.5671 
7.22 0.785991 0.55924 
7.23 0.791504 0.551325 
7.24 0.796937 0.543356 
7.25 0.80229 0.535333 
7.26 0.807562 0.527258 
7.27 0.812753 0.51913 
7.28 0.817862 0.510952 
7.29 0.822888 0.502723 
7.3 0.827832 0.494445 
7.31 0.832693 0.486118 
7.32 0.83747 0.477744 
7.33 0.842163 0.469322 
7.34 0.846771 0.460855 
7.35 0.851294 0.452342 
7.36 0.855731 0.443785 
7.37 0.860082 0.435184 
7.38 0.864347 0.426541 
7.39 0.868525 0.417856 
7.4 0.872616 0.40913 
7.41 0.876619 0.400364 
7.42 0.880534 0.391558 
7.43 0.88436 0.382715 
7.44 0.888098 0.373834 
7.45 0.891746 0.364917 
7.46 0.895305 0.355964 
7.47 0.898775 0.346976 
7.48 0.902153 0.337955 
7.49 0.905442 0.3289 
7.5 0.908639 0.319814 
7.51 0.911745 0.310697 
7.52 0.91476 0.301549 
7.53 0.917683 0.292372 
7.54 0.920514 0.283167 
7.55 0.923253 0.273935 
7.56 0.925899 0.264676 
7.57 0.928452 0.255391 
7.58 0.930912 0.246082 
7.59 0.933279 0.23675 
7.6 0.935552 0.227394 
7.61 0.937731 0.218017 
7.62 0.939817 0.208619 
7.63 0.941808 0.199201 
7.64 0.943705 0.189764 
7.65 0.945507 0.180309 
7.66 0.947215 0.170837 
7.67 0.948827 0.161348 
7.68 0.950345 0.151845 
7.69 0.951767 0.142327 
7.7 0.953094 0.132796 
7.71 0.954326 0.123253 
7.72 0.955462 0.113699 
7.73 0.956503 0.104134 
7.74 0.957447 0.0945591 
7.75 0.958296 0.0849762 
7.76 0.959049 0.0753857 
7.77 0.959703 0.0656952 
7.78 0.96026 0.0559982 
7.79 0.96072 0.0462956 
7.8 0.961083 0.0365884 
7.81 0.961349 0.0268776 
7.82 0.961517 0.0171641 
7.83 0.961589 0.00744893 
7.84 0.961564 -0.00226696 
7.85 0.961441 -0.0119826 
7.86 0.961221 -0.021697 
7.87 0.960904 -0.0314092 
7.88 0.96049 -0.0411183 
7.89 0.959979 -0.0508232 
7.9 0.959371 -0.0605229 
7.91 0.958665 -0.0702166 
7.92 0.957863 -0.0799033 
7.93 0.956967 -0.0894729 
7.94 0.955976 -0.0990327 
7.95 0.954889 -0.108582 
7.96 0.953707 -0.118119 
7.97 0.952429 -0.127643 
7.98 0.951056 -0.137153 
7.99 0.949589 -0.146649 
8 0.948026 -0.156129 
8.01 0.946369 -0.165593 
8.02 0.944618 -0.175039 
8.03 0.942772 -0.184467 
8.04 0.940832 -0.193875 
8.05 0.938798 -0.203263 
8.06 0.936671 -0.21263 
8.07 0.93445 -0.221974 
8.08 0.932135 -0.231295 
8.09 0.929728 -0.240593 
8.1 0.927228 -0.249865 
8.11 0.924636 -0.259111 
8.12 0.921951 -0.268331 
8.13 0.919175 -0.277522 
8.14 0.916307 -0.286685 
8.15 0.913347 -0.295819 
8.16 0.910297 -0.304922 
8.17 0.907156 -0.313993 
8.18 0.903924 -0.323032 
8.19 0.900602 -0.332038 
8.2 0.897191 -0.34101 
8.21 0.89369 -0.349947 
8.22 0.8901 -0.358848 
8.23 0.886422 -0.367712 
8.24 0.882655 -0.376538 
8.25 0.8788 -0.385326 
8.26 0.874858 -0.394075 
8.27 0.870829 -0.402783 
8.28 0.866713 -0.41145 
8.29 0.862511 -0.420075 
8.3 0.858223 -0.428657 
8.31 0.853849 -0.437195 
8.32 0.849391 -0.445689 
8.33 0.844848 -0.454137 
8.34 0.840221 -0.462539 
8.35 0.835511 -0.470894 
8.36 0.830717 -0.479201 
8.37 0.825841 -0.48746 
8.38 0.820883 -0.495668 
8.39 0.815843 -0.503827 
8.4 0.810722 -0.511934 
8.41 0.805521 -0.519989 
8.42 0.80024 -0.527991 
8.43 0.794879 -0.53594 
8.44 0.789439 -0.543834 
8.45 0.783921 -0.551673 
8.46 0.778324 -0.559456 
8.47 0.772651 -0.567182 
8.48 0.766901 -0.574851 
8.49 0.761075 -0.582461 
8.5 0.755173 -0.590013 
8.51 0.749196 -0.597505 
8.52 0.743145 -0.604936 
8.53 0.737021 -0.612306 
8.54 0.730823 -0.619614 
8.55 0.724553 -0.626859 
8.56 0.718211 -0.634041 
8.57 0.711797 -0.641159 
8.58 0.705314 -0.648211 
8.59 0.69876 -0.655199 
8.6 0.692137 -0.66212 
8.61 0.685446 -0.668974 
8.62 0.678687 -0.675761 
8.63 0.67186 -0.682479 
8.64 0.664967 -0.689128 
8.65 0.658008 -0.695708 
8.66 0.650984 -0.702217 
8.67 0.643896 -0.708656 
8.68 0.636744 -0.715023 
8.69 0.629529 -0.721318 
8.7 0.622252 -0.72754 
8.71 0.614914 -0.733689 
8.72 0.607514 -0.739764 
8.73 0.600055 -0.745764 
8.74 0.592536 -0.751689 
8.75 0.584959 -0.757538 
8.76 0.577324 -0.763311 
8.77 0.569632 -0.769007 
8.78 0.561884 -0.774625 
8.79 0.554081 -0.780166 
8.8 0.546223 -0.785627 
8.81 0.538311 -0.79101 
8.82 0.530346 -0.796313 
8.83 0.522329 -0.801536 
8.84 0.51426 -0.806678 
8.85 0.506141 -0.811739 
8.86 0.497972 -0.816718 
8.87 0.489754 -0.821615 
8.88 0.481488 -0.82643 
8.89 0.473174 -0.831161 
8.9 0.464814 -0.835809 
8.91 0.456409 -0.840372 
8.92 0.447958 -0.844851 
8.93 0.439464 -0.849245 
8.94 0.430927 -0.853554 
8.95 0.422347 -0.857777 
8.96 0.413726 -0.861914 
8.97 0.405065 -0.865964 
8.98 0.396364 -0.869927 
8.99 0.387624 -0.873802 
9 0.378846 -0.87759 
9.01 0.370031 -0.88129 
9.02 0.36118 -0.884901 
9.03 0.352294 -0.888423 
9.04 0.343374 -0.891857 
9.05 0.33442 -0.8952 
9.06 0.325433 -0.898454 
9.07 0.316415 -0.901617 
9.08 0.307366 -0.90469 
9.09 0.298288 -0.907672 
9.1 0.28918 -0.910564 
9.11 0.280045 -0.913363 
9.12 0.270882 -0.916071 
9.13 0.261693 -0.918688 
9.14 0.252479 -0.921212 
9.15 0.243241 -0.923643 
9.16 0.233979 -0.925982 
9.17 0.224695 -0.928229 
9.18 0.215389 -0.930382 
9.19 0.206063 -0.932442 
9.2 0.196717 -0.934408 
9.21 0.187352 -0.936281 
9.22 0.177969 -0.93806 
9.23 0.16857 -0.939744 
9.24 0.159155 -0.941335 
9.25 0.149724 -0.942832 
9.26 0.14028 -0.944234 
9.27 0.130823 -0.945541 
9.28 0.121353 -0.946754 
9.29 0.111873 -0.947871 
9.3 0.102382 -0.948894 
9.31 0.0928814 -0.949822 
9.32 0.0833729 -0.950655 
9.33 0.073857 -0.951393 
9.34 0.0643347 -0.952035 
9.35 0.0548069 -0.952582 
9.36 0.0452746 -0.953034 
9.37 0.0357388 -0.953391 
9.38 0.0262003 -0.953652 
9.39 0.0166602 -0.953817 
9.4 0.00711932 -0.953888 
9.41 -0.00242127 -0.953862 
9.42 -0.0119607 -0.953742 
9.43 -0.0214979 -0.953526 
9.44 -0.031032 -0.953214 
9.45 -0.040562 -0.952808 
9.46 -0.050087 -0.952306 
9.47 -0.0596061 -0.951709 
9.48 -0.0691182 -0.951017 
9.49 -0.0786225 -0.950229 
9.5 -0.0881179 -0.949347 
9.51 -0.0976036 -0.94837 
9.52 -0.107079 -0.947298 
9.53 -0.116542 -0.946131 
9.54 -0.125992 -0.94487 
9.55 -0.13543 -0.943515 
9.56 -0.144852 -0.942065 
9.57 -0.154259 -0.940522 
9.58 -0.16365 -0.938884 
9.59 -0.173024 -0.937153 
9.6 -0.182379 -0.935328 
9.61 -0.191715 -0.933409 
9.62 -0.201031 -0.931398 
9.63 -0.210326 -0.929293 
9.64 -0.219599 -0.927096 
9.65 -0.228849 -0.924807 
9.66 -0.238075 -0.922425 
9.67 -0.247276 -0.919951 
9.68 -0.256452 -0.917385 
9.69 -0.265601 -0.914728 
9.7 -0.274723 -0.911979 
9.71 -0.283816 -0.90914 
9.72 -0.29288 -0.90621 
9.73 -0.301914 -0.903189 
9.74 -0.310917 -0.900079 
9.75 -0.319887 -0.896879 
9.76 -0.328825 -0.893589 
9.77 -0.337729 -0.89021 
9.78 -0.346599 -0.886743 
9.79 -0.355432 -0.883187 
9.8 -0.36423 -0.879544 
9.81 -0.37299 -0.875812 
9.82 -0.381711 -0.871994 
9.83 -0.390394 -0.868089 
9.84 -0.399037 -0.864097 
9.85 -0.407639 -0.860019 
9.86 -0.4162 -0.855856 
9.87 -0.424718 -0.851607 
9.88 -0.433192 -0.847274 
9.89 -0.441623 -0.842856 
9.9 -0.450008 -0.838355 
9.91 -0.458347 -0.83377 
9.92 -0.46664 -0.829102 
9.93 -0.474886 -0.824352 
9.94 -0.483083 -0.819519 
9.95 -0.491231 -0.814606 
9.96 -0.499329 -0.809611 
9.97 -0.507376 -0.804536 
9.98 -0.515371 -0.79938 
9.99 -0.523315 -0.794146 
