0 0 1 
0.01 0.00999983 0.99995 
0.02 0.0199997 0.9999 
0.03 0.0299985 0.99975 
0.03 0.0399964 0.999343 
0.04 0.0499873 0.998776 
0.05 0.0599691 0.998108 
0.06 0.0699413 0.997333 
0.07 0.0799042 0.996458 
0.08 0.0898567 0.995483 
0.09 0.0997977 0.994409 
0.1 0.109726 0.993236 
0.11 0.119641 0.991963 
0.12 0.129542 0.990592 
0.13 0.139427 0.989122 
0.14 0.149295 0.987553 
0.15 0.159147 0.985886 
0.16 0.168979 0.984121 
0.17 0.178793 0.982258 
0.18 0.188586 0.980297 
0.19 0.198357 0.978238 
0.2 0.208107 0.976082 
0.21 0.217833 0.973828 
0.22 0.227535 0.971478 
0.23 0.237211 0.969031 
0.24 0.246862 0.966488 
0.25 0.256485 0.963849 
0.26 0.26608 0.961114 
0.27 0.275647 0.958283 
0.28 0.285183 0.955358 
0.29 0.294688 0.952337 
0.3 0.304161 0.949222 
0.31 0.313602 0.946013 
0.32 0.323009 0.94271 
0.33 0.332381 0.939313 
0.34 0.341717 0.935823 
0.35 0.351017 0.93224 
0.36 0.36028 0.928565 
0.37 0.369504 0.924799 
0.38 0.378688 0.92094 
0.39 0.387833 0.91699 
0.4 0.396936 0.91295 
0.41 0.405998 0.908819 
0.42 0.415016 0.904598 
0.43 0.423991 0.900288 
0.44 0.432921 0.895889 
0.45 0.441806 0.891401 
0.46 0.450644 0.886825 
0.47 0.459434 0.882162 
0.48 0.468177 0.877411 
0.49 0.47687 0.872574 
0.5 0.485514 0.867651 
0.51 0.494106 0.862642 
0.52 0.502647 0.857548 
0.53 0.511136 0.85237 
0.54 0.519572 0.847107 
0.55 0.527953 0.841761 
0.56 0.536279 0.836333 
0.57 0.54455 0.830822 
0.58 0.552764 0.825229 
0.59 0.56092 0.819555 
0.6 0.569019 0.8138 
0.61 0.577058 0.807966 
0.62 0.585038 0.802052 
0.63 0.592957 0.796059 
0.64 0.600815 0.789988 
0.65 0.60861 0.78384 
0.66 0.616343 0.777614 
0.67 0.624012 0.771313 
0.68 0.631617 0.764936 
0.69 0.639157 0.758484 
0.7 0.646631 0.751957 
0.71 0.654038 0.745357 
0.72 0.661378 0.738685 
0.73 0.66865 0.731939 
0.74 0.675853 0.725123 
0.75 0.682986 0.718235 
0.76 0.69005 0.711278 
0.77 0.697043 0.704251 
0.78 0.703964 0.697155 
0.79 0.710813 0.689991 
0.8 0.717589 0.68276 
0.81 0.724292 0.675463 
0.82 0.73092 0.668099 
0.83 0.737474 0.660671 
0.84 0.743952 0.653179 
0.85 0.750354 0.645623 
0.86 0.756679 0.638004 
0.87 0.762928 0.630323 
0.88 0.769098 0.622582 
0.89 0.775189 0.61478 
0.9 0.781202 0.606918 
0.91 0.787135 0.598998 
0.92 0.792987 0.591019 
0.93 0.798759 0.582984 
0.94 0.804449 0.574892 
0.95 0.810058 0.566745 
0.96 0.815584 0.558543 
0.97 0.821027 0.550287 
0.98 0.826386 0.541978 
0.99 0.831662 0.533617 
1 0.836852 0.525205 
1.01 0.841958 0.516743 
1.02 0.846978 0.50823 
1.03 0.851913 0.499669 
1.04 0.85676 0.491061 
1.05 0.861521 0.482405 
1.06 0.866194 0.473703 
1.07 0.87078 0.464956 
1.08 0.875277 0.456165 
1.09 0.879686 0.44733 
1.1 0.884005 0.438453 
1.11 0.888235 0.429534 
1.12 0.892375 0.420574 
1.13 0.896424 0.411574 
1.14 0.900383 0.402536 
1.15 0.90425 0.39346 
1.16 0.908027 0.384346 
1.17 0.911711 0.375196 
1.18 0.915303 0.366011 
1.19 0.918803 0.356792 
1.2 0.92221 0.347539 
1.21 0.925524 0.338254 
1.22 0.928744 0.328938 
1.23 0.93187 0.319591 
1.24 0.934903 0.310214 
1.25 0.937841 0.300808 
1.26 0.940685 0.291375 
1.27 0.943433 0.281915 
1.28 0.946087 0.272429 
1.29 0.948645 0.262919 
1.3 0.951108 0.253384 
1.31 0.953475 0.243827 
1.32 0.955746 0.234247 
1.33 0.95792 0.224646 
1.34 0.959999 0.215026 
1.35 0.96198 0.205386 
1.36 0.963865 0.195728 
1.37 0.965653 0.186053 
1.38 0.967344 0.176362 
1.39 0.968938 0.166656 
1.4 0.970434 0.156935 
1.41 0.971833 0.147201 
1.42 0.973134 0.137455 
1.43 0.974338 0.127698 
1.44 0.975444 0.11793 
1.45 0.976451 0.108153 
1.46 0.977361 0.0983672 
1.47 0.978173 0.0885744 
1.48 0.978887 0.0787751 
1.49 0.979502 0.0689705 
1.5 0.98002 0.0591614 
1.51 0.980439 0.0493488 
1.52 0.98076 0.0395338 
1.53 0.980983 0.0297173 
1.54 0.981107 0.0199004 
1.55 0.981134 0.0100839 
1.56 0.981062 0.00026882 
1.57 0.980892 -0.00954377 
1.58 0.980624 -0.0193529 
1.59 0.980258 -0.0291577 
1.6 0.979793 -0.0389571 
1.61 0.979231 -0.0487501 
1.62 0.978571 -0.0585357 
1.63 0.977813 -0.068313 
1.64 0.976958 -0.0780811 
1.65 0.976005 -0.0878388 
1.66 0.974955 -0.0975853 
1.67 0.973807 -0.10732 
1.68 0.972562 -0.117041 
1.69 0.97122 -0.126748 
1.7 0.969782 -0.136439 
1.71 0.968246 -0.146115 
1.72 0.966615 -0.155774 
1.73 0.964886 -0.165414 
1.74 0.963062 -0.175036 
1.75 0.961142 -0.184638 
1.76 0.959126 -0.194219 
1.77 0.957014 -0.203778 
1.78 0.954808 -0.213314 
1.79 0.952506 -0.222826 
1.8 0.95011 -0.232314 
1.81 0.947619 -0.241776 
1.82 0.945034 -0.251211 
1.83 0.942355 -0.260619 
1.84 0.939582 -0.269999 
1.85 0.936716 -0.279349 
1.86 0.933758 -0.288669 
1.87 0.930706 -0.297957 
1.88 0.927562 -0.307214 
1.89 0.924326 -0.316437 
1.9 0.920998 -0.325627 
1.91 0.917579 -0.334781 
1.92 0.914069 -0.3439 
1.93 0.910469 -0.352982 
1.94 0.906778 -0.362026 
1.95 0.902997 -0.371032 
1.96 0.899127 -0.379998 
1.97 0.895168 -0.388924 
1.98 0.891121 -0.397809 
1.99 0.886985 -0.406652 
2 0.882761 -0.415452 
2.01 0.878451 -0.424209 
2.02 0.874053 -0.43292 
2.03 0.869569 -0.441586 
2.04 0.864999 -0.450206 
2.05 0.860344 -0.458778 
2.06 0.855604 -0.467303 
2.07 0.85078 -0.475778 
2.08 0.845871 -0.484204 
2.09 0.840879 -0.492579 
2.1 0.835804 -0.500903 
2.11 0.830647 -0.509174 
2.12 0.825408 -0.517393 
2.13 0.820088 -0.525557 
2.14 0.814687 -0.533667 
2.15 0.809206 -0.541722 
2.16 0.803645 -0.54972 
2.17 0.798005 -0.557661 
2.18 0.792287 -0.565545 
2.19 0.786491 -0.57337 
2.2 0.780618 -0.581135 
2.21 0.774668 -0.588841 
2.22 0.768642 -0.596485 
2.23 0.762541 -0.604068 
2.24 0.756365 -0.611589 
2.25 0.750114 -0.619046 
2.26 0.743791 -0.62644 
2.27 0.737394 -0.633769 
2.28 0.730925 -0.641033 
2.29 0.724385 -0.64823 
2.3 0.717774 -0.655362 
2.31 0.711093 -0.662425 
2.32 0.704342 -0.669421 
2.33 0.697523 -0.676348 
2.34 0.690635 -0.683206 
2.35 0.68368 -0.689993 
2.36 0.676658 -0.69671 
2.37 0.669571 -0.703355 
2.38 0.662418 -0.709928 
2.39 0.655201 -0.716429 
2.4 0.64792 -0.722856 
2.41 0.640576 -0.729209 
2.42 0.633169 -0.735488 
2.43 0.625702 -0.741691 
2.44 0.618173 -0.747819 
2.45 0.610585 -0.75387 
2.46 0.602937 -0.759845 
2.47 0.595231 -0.765741 
2.48 0.587467 -0.77156 
2.49 0.579647 -0.7773 
2.5 0.57177 -0.782961 
2.51 0.563838 -0.788542 
2.52 0.555852 -0.794043 
2.53 0.547812 -0.799462 
2.54 0.53972 -0.804801 
2.55 0.531575 -0.810057 
2.56 0.523379 -0.815232 
2.57 0.515133 -0.820323 
2.58 0.506838 -0.825331 
2.59 0.498494 -0.830255 
2.6 0.490102 -0.835095 
2.61 0.481663 -0.83985 
2.62 0.473178 -0.844519 
2.63 0.464648 -0.849104 
2.64 0.456073 -0.853601 
2.65 0.447455 -0.858013 
2.66 0.438795 -0.862337 
2.67 0.430092 -0.866574 
2.68 0.421349 -0.870723 
2.69 0.412566 -0.874784 
2.7 0.403744 -0.878757 
2.71 0.394884 -0.882641 
2.72 0.385986 -0.886435 
2.73 0.377052 -0.890139 
2.74 0.368082 -0.893754 
2.75 0.359078 -0.897278 
2.76 0.350041 -0.900712 
2.77 0.34097 -0.904054 
2.78 0.331868 -0.907305 
2.79 0.322734 -0.910465 
2.8 0.313571 -0.913533 
2.81 0.304379 -0.916508 
2.82 0.295158 -0.919391 
2.83 0.285911 -0.922182 
2.84 0.276637 -0.924879 
2.85 0.267337 -0.927483 
2.86 0.258014 -0.929994 
2.87 0.248667 -0.932411 
2.88 0.239297 -0.934734 
2.89 0.229906 -0.936963 
2.9 0.220494 -0.939097 
2.91 0.211062 -0.941137 
2.92 0.201612 -0.943083 
2.93 0.192143 -0.944933 
2.94 0.182658 -0.946689 
2.95 0.173158 -0.948349 
2.96 0.163642 -0.949914 
2.97 0.154112 -0.951383 
2.98 0.144569 -0.952757 
2.99 0.135014 -0.954036 
3 0.125448 -0.955218 
3.01 0.115872 -0.956305 
3.02 0.106287 -0.957295 
3.03 0.0966932 -0.95819 
3.04 0.0870924 -0.958988 
3.05 0.0774853 -0.95969 
3.06 0.0678728 -0.960297 
3.07 0.058256 -0.960806 
3.08 0.0486358 -0.96122 
3.09 0.0390132 -0.961537 
3.1 0.0293891 -0.961758 
3.11 0.0197644 -0.961883 
3.12 0.0101402 -0.961911 
3.13 0.000517444 -0.961843 
3.14 -0.00910297 -0.961679 
3.15 -0.01872 -0.961419 
3.16 -0.0283328 -0.961062 
3.17 -0.0379403 -0.96061 
3.18 -0.0475417 -0.960061 
3.19 -0.0571358 -0.959417 
3.2 -0.0667218 -0.958676 
3.21 -0.0762987 -0.95784 
3.22 -0.0858655 -0.956908 
3.23 -0.0954214 -0.955881 
3.24 -0.104965 -0.954758 
3.25 -0.114496 -0.953541 
3.26 -0.124013 -0.952227 
3.27 -0.133516 -0.950819 
3.28 -0.143002 -0.949317 
3.29 -0.152472 -0.947719 
3.3 -0.161924 -0.946027 
3.31 -0.171358 -0.944241 
3.32 -0.180772 -0.942361 
3.33 -0.190166 -0.940387 
3.34 -0.199538 -0.93832 
3.35 -0.208888 -0.936159 
3.36 -0.218214 -0.933905 
3.37 -0.227517 -0.931558 
3.38 -0.236794 -0.929118 
3.39 -0.246046 -0.926586 
3.4 -0.25527 -0.923962 
3.41 -0.264467 -0.921246 
3.42 -0.273634 -0.918439 
3.43 -0.282772 -0.91554 
3.44 -0.29188 -0.912551 
3.45 -0.300956 -0.909471 
3.46 -0.309999 -0.906301 
3.47 -0.319009 -0.90304 
3.48 -0.327985 -0.899691 
3.49 -0.336926 -0.896252 
3.5 -0.345831 -0.892724 
3.51 -0.354699 -0.889108 
3.52 -0.36353 -0.885404 
3.53 -0.372322 -0.881612 
3.54 -0.381074 -0.877733 
3.55 -0.389786 -0.873767 
3.56 -0.398457 -0.869714 
3.57 -0.407085 -0.865576 
3.58 -0.415671 -0.861352 
3.59 -0.424213 -0.857043 
3.6 -0.432711 -0.852649 
3.61 -0.441163 -0.848171 
3.62 -0.449568 -0.843609 
3.63 -0.457927 -0.838964 
3.64 -0.466238 -0.834236 
3.65 -0.4745 -0.829426 
3.66 -0.482712 -0.824534 
3.67 -0.490874 -0.819561 
3.68 -0.498985 -0.814507 
3.69 -0.507044 -0.809373 
3.7 -0.51505 -0.804159 
3.71 -0.523002 -0.798866 
3.72 -0.5309 -0.793494 
3.73 -0.538743 -0.788044 
3.74 -0.54653 -0.782517 
3.75 -0.554261 -0.776913 
3.76 -0.561934 -0.771233 
3.77 -0.569549 -0.765476 
3.78 -0.577105 -0.759645 
3.79 -0.584601 -0.753739 
3.8 -0.592037 -0.747759 
3.81 -0.599412 -0.741706 
3.82 -0.606725 -0.73558 
3.83 -0.613976 -0.729382 
3.84 -0.621163 -0.723113 
3.85 -0.628286 -0.716773 
3.86 -0.635344 -0.710363 
3.87 -0.642338 -0.703883 
3.88 -0.649265 -0.697334 
3.89 -0.656125 -0.690718 
3.9 -0.662918 -0.684034 
3.91 -0.669643 -0.677283 
3.92 -0.6763 -0.670466 
3.93 -0.682886 -0.663583 
3.94 -0.689403 -0.656636 
3.95 -0.69585 -0.649625 
3.96 -0.702225 -0.642551 
3.97 -0.708528 -0.635414 
3.98 -0.714759 -0.628216 
3.99 -0.720916 -0.620956 
4 -0.727 -0.613636 
4.01 -0.73301 -0.606257 
4.02 -0.738944 -0.598819 
4.03 -0.744804 -0.591322 
4.04 -0.750587 -0.583769 
4.05 -0.756294 -0.576159 
4.06 -0.761923 -0.568493 
4.07 -0.767475 -0.560772 
4.08 -0.772949 -0.552997 
4.09 -0.778344 -0.545169 
4.1 -0.78366 -0.537288 
4.11 -0.788896 -0.529355 
4.12 -0.794051 -0.521371 
4.13 -0.799126 -0.513338 
4.14 -0.80412 -0.505254 
4.15 -0.809032 -0.497123 
4.16 -0.813862 -0.488943 
4.17 -0.818609 -0.480717 
4.18 -0.823273 -0.472445 
4.19 -0.827853 -0.464127 
4.2 -0.83235 -0.455765 
4.21 -0.836762 -0.44736 
4.22 -0.841089 -0.438912 
4.23 -0.845331 -0.430422 
4.24 -0.849487 -0.421891 
4.25 -0.853557 -0.413321 
4.26 -0.857541 -0.404711 
4.27 -0.861438 -0.396062 
4.28 -0.865248 -0.387376 
4.29 -0.86897 -0.378654 
4.3 -0.872604 -0.369896 
4.31 -0.87615 -0.361103 
4.32 -0.879608 -0.352276 
4.33 -0.882977 -0.343416 
4.34 -0.886256 -0.334525 
4.35 -0.889446 -0.325601 
4.36 -0.892546 -0.316648 
4.37 -0.895556 -0.307665 
4.38 -0.898476 -0.298653 
4.39 -0.901304 -0.289614 
4.4 -0.904043 -0.280548 
4.41 -0.906689 -0.271457 
4.42 -0.909245 -0.26234 
4.43 -0.911709 -0.2532 
4.44 -0.914081 -0.244037 
4.45 -0.916361 -0.234851 
4.46 -0.918548 -0.225644 
4.47 -0.920644 -0.216417 
4.48 -0.922646 -0.207171 
4.49 -0.924556 -0.197906 
4.5 -0.926373 -0.188624 
4.51 -0.928096 -0.179325 
4.52 -0.929726 -0.170011 
4.53 -0.931263 -0.160682 
4.54 -0.932706 -0.151339 
4.55 -0.934056 -0.141984 
4.56 -0.935311 -0.132616 
4.57 -0.936473 -0.123238 
4.58 -0.937541 -0.11385 
4.59 -0.938515 -0.104452 
4.6 -0.939394 -0.095047 
4.61 -0.94018 -0.0856344 
4.62 -0.940871 -0.0762157 
4.63 -0.941467 -0.0667918 
4.64 -0.94197 -0.0573635 
4.65 -0.942377 -0.0479318 
4.66 -0.942691 -0.0384978 
4.67 -0.94291 -0.0290622 
4.68 -0.943035 -0.0196262 
4.69 -0.943065 -0.0101905 
4.7 -0.943001 -0.000756224 
4.71 -0.942843 0.00867577 
4.72 -0.94259 0.0181045 
4.73 -0.942243 0.0275291 
4.74 -0.941802 0.0369485 
4.75 -0.941266 0.0463619 
4.76 -0.940637 0.0557682 
4.77 -0.939913 0.0651666 
4.78 -0.939096 0.0745561 
4.79 -0.938185 0.0839358 
4.8 -0.937181 0.0933047 
4.81 -0.936082 0.102662 
4.82 -0.934891 0.112007 
4.83 -0.933606 0.121338 
4.84 -0.932228 0.130654 
4.85 -0.930757 0.139955 
4.86 -0.929193 0.14924 
4.87 -0.927537 0.158507 
4.88 -0.925788 0.167757 
4.89 -0.923948 0.176987 
4.9 -0.922015 0.186197 
4.91 -0.91999 0.195386 
4.92 -0.917874 0.204554 
4.93 -0.915666 0.213698 
4.94 -0.913368 0.222819 
4.95 -0.910978 0.231915 
4.96 -0.908498 0.240986 
4.97 -0.905928 0.25003 
4.98 -0.903268 0.259047 
4.99 -0.900518 0.268036 
5 -0.897678 0.276996 
5.01 -0.89475 0.285926 
5.02 -0.891733 0.294825 
5.03 -0.888627 0.303692 
5.04 -0.885433 0.312526 
5.05 -0.882151 0.321327 
5.06 -0.878782 0.330094 
5.07 -0.875326 0.338826 
5.08 -0.871783 0.347521 
5.09 -0.868153 0.356179 
5.1 -0.864438 0.3648 
5.11 -0.860637 0.373382 
5.12 -0.856751 0.381924 
5.13 -0.85278 0.390426 
5.14 -0.848725 0.398887 
5.15 -0.844586 0.407305 
5.16 -0.840364 0.415681 
5.17 -0.836058 0.424013 
5.18 -0.83167 0.432301 
5.19 -0.8272 0.440543 
5.2 -0.822648 0.448739 
5.21 -0.818015 0.456888 
5.22 -0.813301 0.46499 
5.23 -0.808507 0.473042 
5.24 -0.803633 0.481046 
5.25 -0.79868 0.488999 
5.26 -0.793649 0.496901 
5.27 -0.788539 0.504752 
5.28 -0.783352 0.51255 
5.29 -0.778087 0.520295 
5.3 -0.772746 0.527986 
5.31 -0.767329 0.535622 
5.32 -0.761837 0.543202 
5.33 -0.75627 0.550726 
5.34 -0.750628 0.558194 
5.35 -0.744913 0.565603 
5.36 -0.739125 0.572954 
5.37 -0.733264 0.580246 
5.38 -0.727332 0.587478 
5.39 -0.721328 0.594649 
5.4 -0.715253 0.601759 
5.41 -0.709108 0.608807 
5.42 -0.702894 0.615793 
5.43 -0.696611 0.622715 
5.44 -0.69026 0.629572 
5.45 -0.683842 0.636366 
5.46 -0.677357 0.643093 
5.47 -0.670805 0.649755 
5.48 -0.664188 0.65635 
5.49 -0.657507 0.662878 
5.5 -0.650761 0.669337 
5.51 -0.643951 0.675728 
5.52 -0.63708 0.68205 
5.53 -0.630146 0.688302 
5.54 -0.62315 0.694484 
5.55 -0.616094 0.700594 
5.56 -0.608979 0.706633 
5.57 -0.601804 0.7126 
5.58 -0.59457 0.718493 
5.59 -0.587279 0.724314 
5.6 -0.579931 0.73006 
5.61 -0.572527 0.735732 
5.62 -0.565068 0.741329 
5.63 -0.557553 0.74685 
5.64 -0.549985 0.752295 
5.65 -0.542364 0.757664 
5.66 -0.534691 0.762955 
5.67 -0.526965 0.768169 
5.68 -0.519189 0.773304 
5.69 -0.511363 0.778361 
5.7 -0.503488 0.783339 
5.71 -0.495565 0.788237 
5.72 -0.487594 0.793055 
5.73 -0.479576 0.797792 
5.74 -0.471512 0.802448 
5.75 -0.463403 0.807023 
5.76 -0.455249 0.811516 
5.77 -0.447052 0.815926 
5.78 -0.438813 0.820254 
5.79 -0.430531 0.824499 
5.8 -0.422209 0.82866 
5.81 -0.413846 0.832737 
5.82 -0.405445 0.83673 
5.83 -0.397004 0.840638 
5.84 -0.388526 0.84446 
5.85 -0.380012 0.848198 
5.86 -0.371461 0.851849 
5.87 -0.362876 0.855415 
5.88 -0.354256 0.858894 
5.89 -0.345603 0.862286 
5.9 -0.336918 0.865591 
5.91 -0.328201 0.868808 
5.92 -0.319453 0.871938 
5.93 -0.310676 0.874979 
5.94 -0.30187 0.877933 
5.95 -0.293035 0.880798 
5.96 -0.284174 0.883573 
5.97 -0.275287 0.88626 
5.98 -0.266374 0.888858 
5.99 -0.257437 0.891365 
6 -0.248476 0.893783 
6.01 -0.239493 0.896111 
6.02 -0.230488 0.898349 
6.03 -0.221462 0.900496 
6.04 -0.212416 0.902553 
6.05 -0.203351 0.904518 
6.06 -0.194269 0.906393 
6.07 -0.185169 0.908176 
6.08 -0.176053 0.909869 
6.09 -0.166921 0.911469 
6.1 -0.157775 0.912978 
6.11 -0.148616 0.914396 
6.12 -0.139444 0.915721 
6.13 -0.13026 0.916955 
6.14 -0.121066 0.918096 
6.15 -0.111862 0.919146 
6.16 -0.102649 0.920103 
6.17 -0.0934281 0.920967 
6.18 -0.0842002 0.92174 
6.19 -0.0749662 0.92242 
6.2 -0.065727 0.923007 
6.21 -0.0564835 0.923502 
6.22 -0.0472368 0.923904 
6.23 -0.0379876 0.924214 
6.24 -0.0287369 0.924431 
6.25 -0.0194858 0.924556 
6.26 -0.010235 0.924588 
6.27 -0.000985451 0.924528 
6.28 0.00826182 0.924375 
6.29 0.0175059 0.92413 
6.3 0.026746 0.923792 
6.31 0.035981 0.923362 
6.32 0.0452101 0.922839 
6.33 0.0544323 0.922225 
6.34 0.0636468 0.921518 
6.35 0.0728526 0.920719 
6.36 0.0820488 0.919828 
6.37 0.0912344 0.918846 
6.38 0.100409 0.917771 
6.39 0.10957 0.916606 
6.4 0.118719 0.915348 
6.41 0.127853 0.914 
6.42 0.136973 0.91256 
6.43 0.146076 0.91103 
6.44 0.155162 0.909408 
6.45 0.164231 0.907696 
6.46 0.173281 0.905894 
6.47 0.182311 0.904001 
6.48 0.191321 0.902018 
6.49 0.200309 0.899946 
6.5 0.209275 0.897784 
6.51 0.218218 0.895533 
6.52 0.227136 0.893193 
6.53 0.23603 0.890764 
6.54 0.244898 0.888246 
6.55 0.253739 0.88564 
6.56 0.262552 0.882947 
6.57 0.271337 0.880165 
6.58 0.280093 0.877296 
6.59 0.288818 0.87434 
6.6 0.297513 0.871298 
6.61 0.306175 0.868169 
6.62 0.314804 0.864953 
6.63 0.3234 0.861652 
6.64 0.331962 0.858266 
6.65 0.340488 0.854795 
6.66 0.348977 0.851239 
6.67 0.35743 0.847598 
6.68 0.365845 0.843874 
6.69 0.374221 0.840067 
6.7 0.382557 0.836176 
6.71 0.390853 0.832202 
6.72 0.399108 0.828146 
6.73 0.407321 0.824009 
6.74 0.415491 0.81979 
6.75 0.423617 0.81549 
6.76 0.431699 0.811109 
6.77 0.439736 0.806649 
6.78 0.447726 0.802108 
6.79 0.45567 0.797489 
6.8 0.463566 0.792791 
6.81 0.471414 0.788015 
6.82 0.479213 0.783161 
6.83 0.486962 0.77823 
6.84 0.49466 0.773223 
6.85 0.502307 0.768139 
6.86 0.509901 0.76298 
6.87 0.517443 0.757745 
6.88 0.52493 0.752436 
6.89 0.532364 0.747054 
6.9 0.539742 0.741598 
6.91 0.547065 0.736068 
6.92 0.55433 0.730467 
6.93 0.561539 0.724794 
6.94 0.56869 0.71905 
6.95 0.575781 0.713236 
6.96 0.582814 0.707351 
6.97 0.589786 0.701397 
6.98 0.596698 0.695375 
6.99 0.603548 0.689284 
7 0.610336 0.683126 
7.01 0.617061 0.676901 
7.02 0.623722 0.67061 
7.03 0.63032 0.664254 
7.04 0.636853 0.657833 
7.05 0.64332 0.651347 
7.06 0.649722 0.644798 
7.07 0.656057 0.638186 
7.08 0.662324 0.631512 
7.09 0.668524 0.624776 
7.1 0.674656 0.617979 
7.11 0.680718 0.611123 
7.12 0.68671 0.604207 
7.13 0.692633 0.597232 
7.14 0.698484 0.590199 
7.15 0.704265 0.583109 
7.16 0.709973 0.575962 
7.17 0.715609 0.56876 
7.18 0.721171 0.561502 
7.19 0.726661 0.55419 
7.2 0.732076 0.546825 
7.21 0.737416 0.539406 
7.22 0.742681 0.531936 
7.23 0.747871 0.524414 
7.24 0.752985 0.516841 
7.25 0.758021 0.509219 
7.26 0.762981 0.501548 
7.27 0.767863 0.493828 
7.28 0.772667 0.486061 
7.29 0.777393 0.478247 
7.3 0.782039 0.470387 
7.31 0.786607 0.462483 
7.32 0.791094 0.454534 
7.33 0.795501 0.446541 
7.34 0.799827 0.438506 
7.35 0.804072 0.430429 
7.36 0.808236 0.422311 
7.37 0.812318 0.414153 
7.38 0.816317 0.405955 
7.39 0.820234 0.397719 
7.4 0.824067 0.389445 
7.41 0.827817 0.381134 
7.42 0.831484 0.372787 
7.43 0.835066 0.364405 
7.44 0.838564 0.355988 
7.45 0.841977 0.347539 
7.46 0.845304 0.339056 
7.47 0.848547 0.330542 
7.48 0.851704 0.321996 
7.49 0.854774 0.313421 
7.5 0.857759 0.304816 
7.51 0.860656 0.296183 
7.52 0.863467 0.287523 
7.53 0.866191 0.278836 
7.54 0.868827 0.270123 
7.55 0.871376 0.261386 
7.56 0.873837 0.252624 
7.57 0.87621 0.24384 
7.58 0.878495 0.235033 
7.59 0.880691 0.226205 
7.6 0.882798 0.217356 
7.61 0.884817 0.208488 
7.62 0.886747 0.199602 
7.63 0.888587 0.190697 
7.64 0.890338 0.181776 
7.65 0.891999 0.172839 
7.66 0.893571 0.163887 
7.67 0.895053 0.154921 
7.68 0.896445 0.145941 
7.69 0.897747 0.136949 
7.7 0.898958 0.127946 
7.71 0.90008 0.118932 
7.72 0.901111 0.109909 
7.73 0.902052 0.100876 
7.74 0.902902 0.0918363 
7.75 0.903661 0.0827893 
7.76 0.90433 0.0737364 
7.77 0.904909 0.0646783 
7.78 0.905396 0.055616 
7.79 0.905793 0.0465505 
7.8 0.906099 0.0374826 
7.81 0.906315 0.0284132 
7.82 0.906439 0.0193433 
7.83 0.906473 0.0102737 
7.84 0.906417 0.00120541 
7.85 0.906269 -0.00786075 
7.86 0.906031 -0.0169238 
7.87 0.905702 -0.0259829 
7.88 0.905283 -0.0350372 
7.89 0.904773 -0.0440856 
7.9 0.904173 -0.0531274 
7.91 0.903482 -0.0621615 
7.92 0.902701 -0.0711872 
7.93 0.901831 -0.0802034 
7.94 0.90087 -0.0892094 
7.95 0.899819 -0.0982041 
7.96 0.898678 -0.107187 
7.97 0.897448 -0.116156 
7.98 0.896128 -0.125112 
7.99 0.894719 -0.134053 
8 0.893221 -0.142979 
8.01 0.891633 -0.151887 
8.02 0.889957 -0.160779 
8.03 0.888192 -0.169652 
8.04 0.886339 -0.178506 
8.05 0.884398 -0.187339 
8.06 0.882368 -0.196152 
8.07 0.880251 -0.204943 
8.08 0.878046 -0.213711 
8.09 0.875754 -0.222456 
8.1 0.873375 -0.231176 
8.11 0.870909 -0.239871 
8.12 0.868357 -0.248539 
8.13 0.865718 -0.257181 
8.14 0.862993 -0.265794 
8.15 0.860183 -0.274379 
8.16 0.857287 -0.282934 
8.17 0.854306 -0.291459 
8.18 0.851241 -0.299952 
8.19 0.848091 -0.308414 
8.2 0.844857 -0.316842 
8.21 0.841539 -0.325237 
8.22 0.838138 -0.333596 
8.23 0.834654 -0.341921 
8.24 0.831087 -0.350209 
8.25 0.827438 -0.358459 
8.26 0.823707 -0.366672 
8.27 0.819894 -0.374846 
8.28 0.816001 -0.382981 
8.29 0.812027 -0.391075 
8.3 0.807972 -0.399128 
8.31 0.803838 -0.407139 
8.32 0.799624 -0.415108 
8.33 0.795332 -0.423032 
8.34 0.79096 -0.430913 
8.35 0.786511 -0.438748 
8.36 0.781984 -0.446537 
8.37 0.777381 -0.45428 
8.38 0.7727 -0.461976 
8.39 0.767943 -0.469623 
8.4 0.763111 -0.477221 
8.41 0.758204 -0.48477 
8.42 0.753221 -0.492268 
8.43 0.748165 -0.499715 
8.44 0.743035 -0.50711 
8.45 0.737832 -0.514453 
8.46 0.732557 -0.521742 
8.47 0.72721 -0.528977 
8.48 0.721791 -0.536157 
8.49 0.716301 -0.543282 
8.5 0.710741 -0.550351 
8.51 0.705111 -0.557363 
8.52 0.699413 -0.564317 
8.53 0.693645 -0.571214 
8.54 0.68781 -0.578051 
8.55 0.681907 -0.584829 
8.56 0.675938 -0.591546 
8.57 0.669902 -0.598203 
8.58 0.663801 -0.604798 
8.59 0.657635 -0.61133 
8.6 0.651405 -0.617801 
8.61 0.645111 -0.624207 
8.62 0.638754 -0.63055 
8.63 0.632335 -0.636827 
8.64 0.625854 -0.64304 
8.65 0.619312 -0.649186 
8.66 0.61271 -0.655266 
8.67 0.606048 -0.661279 
8.68 0.599327 -0.667225 
8.69 0.592548 -0.673102 
8.7 0.585712 -0.67891 
8.71 0.578818 -0.684649 
8.72 0.571868 -0.690317 
8.73 0.564863 -0.695916 
8.74 0.557803 -0.701443 
8.75 0.550689 -0.706899 
8.76 0.543522 -0.712282 
8.77 0.536302 -0.717593 
8.78 0.52903 -0.722831 
8.79 0.521707 -0.727995 
8.8 0.514334 -0.733085 
8.81 0.506911 -0.7381 
8.82 0.49944 -0.74304 
8.83 0.49192 -0.747905 
8.84 0.484353 -0.752693 
8.85 0.476739 -0.757405 
8.86 0.46908 -0.76204 
8.87 0.461375 -0.766598 
8.88 0.453626 -0.771078 
8.89 0.445834 -0.775479 
8.9 0.438 -0.779802 
8.91 0.430123 -0.784045 
8.92 0.422205 -0.788209 
8.93 0.414247 -0.792294 
8.94 0.40625 -0.796297 
8.95 0.398214 -0.800221 
8.96 0.39014 -0.804063 
8.97 0.382029 -0.807823 
8.98 0.373882 -0.811502 
8.99 0.365699 -0.815099 
9 0.357483 -0.818613 
9.01 0.349232 -0.822044 
9.02 0.340948 -0.825393 
9.03 0.332633 -0.828658 
9.04 0.324286 -0.831839 
9.05 0.315909 -0.834936 
9.06 0.307502 -0.837948 
9.07 0.299067 -0.840877 
9.08 0.290604 -0.84372 
9.09 0.282114 -0.846478 
9.1 0.273598 -0.849151 
9.11 0.265057 -0.851738 
9.12 0.256491 -0.854239 
9.13 0.247902 -0.856654 
9.14 0.23929 -0.858983 
9.15 0.230656 -0.861225 
9.16 0.222002 -0.86338 
9.17 0.213327 -0.865449 
9.18 0.204633 -0.86743 
9.19 0.195921 -0.869324 
9.2 0.187192 -0.871131 
9.21 0.178446 -0.872849 
9.22 0.169684 -0.874481 
9.23 0.160908 -0.876024 
9.24 0.152118 -0.877479 
9.25 0.143314 -0.878846 
9.26 0.134499 -0.880125 
9.27 0.125672 -0.881315 
9.28 0.116835 -0.882417 
9.29 0.107989 -0.88343 
9.3 0.0991336 -0.884355 
9.31 0.0902709 -0.885191 
9.32 0.0814014 -0.885938 
9.33 0.0725259 -0.886596 
9.34 0.0636455 -0.887165 
9.35 0.0547609 -0.887646 
9.36 0.045873 -0.888037 
9.37 0.0369828 -0.88834 
9.38 0.0280912 -0.888553 
9.39 0.019199 -0.888678 
9.4 0.0103071 -0.888713 
9.41 0.00141637 -0.88866 
9.42 -0.00747223 -0.888518 
9.43 -0.0163578 -0.888287 
9.44 -0.0252396 -0.887967 
9.45 -0.0341165 -0.887558 
9.46 -0.0429878 -0.88706 
9.47 -0.0518526 -0.886474 
9.48 -0.06071 -0.8858 
9.49 -0.069559 -0.885036 
9.5 -0.0783989 -0.884185 
9.51 -0.0872287 -0.883245 
9.52 -0.0960475 -0.882217 
9.53 -0.104854 -0.881101 
9.54 -0.113649 -0.879897 
9.55 -0.122429 -0.878606 
9.56 -0.131196 -0.877227 
9.57 -0.139947 -0.87576 
9.58 -0.148681 -0.874206 
9.59 -0.157399 -0.872565 
9.6 -0.166099 -0.870837 
9.61 -0.174779 -0.869022 
9.62 -0.183441 -0.867121 
9.63 -0.192081 -0.865134 
9.64 -0.2007 -0.86306 
9.65 -0.209297 -0.860901 
9.66 -0.217871 -0.858656 
9.67 -0.226421 -0.856326 
9.68 -0.234946 -0.853911 
9.69 -0.243446 -0.85141 
9.7 -0.251919 -0.848826 
9.71 -0.260364 -0.846156 
9.72 -0.268782 -0.843403 
9.73 -0.27717 -0.840566 
9.74 -0.285528 -0.837646 
9.75 -0.293856 -0.834643 
9.76 -0.302153 -0.831557 
9.77 -0.310417 -0.828388 
9.78 -0.318647 -0.825138 
9.79 -0.326844 -0.821805 
9.8 -0.335007 -0.818392 
9.81 -0.343133 -0.814897 
9.82 -0.351223 -0.811321 
9.83 -0.359276 -0.807666 
9.84 -0.367291 -0.80393 
9.85 -0.375267 -0.800115 
9.86 -0.383204 -0.796221 
9.87 -0.3911 -0.792248 
9.88 -0.398956 -0.788197 
9.89 -0.406769 -0.784067 
9.9 -0.41454 -0.779861 
9.91 -0.422267 -0.775577 
9.92 -0.42995 -0.771217 
9.93 -0.437588 -0.766781 
9.94 -0.44518 -0.76227 
9.95 -0.452726 -0.757683 
9.96 -0.460224 -0.753021 
9.97 -0.467675 -0.748286 
9.98 -0.475077 -0.743476 
9.99 -0.48243 -0.738594 
