-6.28319 4.89843e-16
-6.23582 0.0945798
-6.18846 0.188312
-6.1411 0.280355
-6.09374 0.369885
-6.04638 0.456099
-5.99902 0.538224
-5.95166 0.615523
-5.9043 0.687304
-5.85694 0.752923
-5.80958 0.811792
-5.76222 0.863382
-5.71486 0.907232
-5.6675 0.942948
-5.62014 0.970211
-5.57277 0.988775
-5.52541 0.998474
-5.47805 0.999221
-5.43069 0.99101
-5.38333 0.973914
-5.33597 0.948087
-5.28861 0.913759
-5.24125 0.87124
-5.19389 0.820909
-5.14653 0.763218
-5.09917 0.698685
-5.05181 0.627888
-5.00445 0.551462
-4.95709 0.470091
-4.90973 0.384506
-4.86236 0.295473
-4.815 0.203792
-4.76764 0.110283
-4.72028 0.0157862
-4.67292 -0.0788525
-4.62556 -0.172784
-4.5782 -0.265167
-4.53084 -0.355173
-4.48348 -0.441994
-4.43612 -0.524852
-4.38876 -0.603005
-4.3414 -0.675752
-4.29404 -0.74244
-4.24668 -0.802472
-4.19931 -0.85531
-4.15195 -0.900479
-4.10459 -0.937575
-4.05723 -0.966265
-4.00987 -0.986293
-3.96251 -0.997478
-3.91515 -0.99972
-3.86779 -0.992999
-3.82043 -0.977375
-3.77307 -0.952989
-3.72571 -0.920059
-3.67835 -0.87888
-3.63099 -0.829821
-3.58363 -0.773323
-3.53627 -0.709892
-3.4889 -0.640096
-3.44154 -0.564562
-3.39418 -0.483966
-3.34682 -0.399031
-3.29946 -0.310518
-3.2521 -0.219222
-3.20474 -0.12596
-3.15738 -0.0315685
-3.11002 0.0631056
-3.06266 0.157214
-3.0153 0.249913
-2.96794 0.340371
-2.92058 0.427778
-2.87322 0.51135
-2.82585 0.590337
-2.77849 0.664031
-2.73113 0.731772
-2.68377 0.792953
-2.63641 0.847024
-2.58905 0.893501
-2.54169 0.931968
-2.49433 0.962079
-2.44697 0.983565
-2.39961 0.996233
-2.35225 0.999969
-2.30489 0.99474
-2.25753 0.980592
-2.21017 0.957653
-2.1628 0.926129
-2.11544 0.886301
-2.06808 0.838527
-2.02072 0.783236
-1.97336 0.720922
-1.926 0.652145
-1.87864 0.577521
-1.83128 0.49772
-1.78392 0.413456
-1.73656 0.325485
-1.6892 0.234597
-1.64184 0.141605
-1.59448 0.047343
-1.54712 -0.047343
-1.49976 -0.141605
-1.45239 -0.234597
-1.40503 -0.325485
-1.35767 -0.413456
-1.31031 -0.49772
-1.26295 -0.577521
-1.21559 -0.652145
-1.16823 -0.720922
-1.12087 -0.783236
-1.07351 -0.838527
-1.02615 -0.886301
-0.978788 -0.926129
-0.931427 -0.957653
-0.884066 -0.980592
-0.836706 -0.99474
-0.789345 -0.999969
-0.741984 -0.996233
-0.694624 -0.983565
-0.647263 -0.962079
-0.599902 -0.931968
-0.552541 -0.893501
-0.505181 -0.847024
-0.45782 -0.792953
-0.410459 -0.731772
-0.363099 -0.664031
-0.315738 -0.590337
-0.268377 -0.51135
-0.221017 -0.427778
-0.173656 -0.340371
-0.126295 -0.249913
-0.0789345 -0.157214
-0.0315738 -0.0631056
0.0157869 0.0157862
0.0631476 0.0631056
0.110508 0.110283
0.157869 0.157214
0.20523 0.203792
0.25259 0.249913
0.299951 0.295473
0.347312 0.340371
0.394672 0.384506
0.442033 0.427778
0.489394 0.470091
0.536755 0.51135
0.584115 0.551462
0.631476 0.590337
0.678837 0.627888
0.726197 0.664031
0.773558 0.698685
0.820919 0.731772
0.868279 0.763218
0.91564 0.792953
0.963001 0.820909
1.01036 0.847024
1.05772 0.87124
1.10508 0.893501
1.15244 0.913759
1.1998 0.931968
1.24716 0.948087
1.29453 0.962079
1.34189 0.973914
1.38925 0.983565
1.43661 0.99101
1.48397 0.996233
1.53133 0.999221
1.57869 0.999969
1.62605 0.998474
1.67341 0.99474
1.72077 0.988775
1.76813 0.980592
1.81549 0.970211
1.86285 0.957653
1.91021 0.942948
1.95758 0.926129
2.00494 0.907232
2.0523 0.886301
2.09966 0.863382
2.14702 0.838527
2.19438 0.811792
2.24174 0.783236
2.2891 0.752923
2.33646 0.720922
2.38382 0.687304
2.43118 0.652145
2.47854 0.615523
2.5259 0.577521
2.57326 0.538224
2.62063 0.49772
2.66799 0.456099
2.71535 0.413456
2.76271 0.369885
2.81007 0.325485
2.85743 0.280355
2.90479 0.234597
2.95215 0.188312
2.99951 0.141605
3.04687 0.0945798
3.09423 0.047343
